11 0.085156 0.719792 0.170313 0.556250
13 0.957031 0.704167 0.079687 0.112500
4 0.492969 0.657292 0.473438 0.572917
15 0.902344 0.628125 0.189062 0.093750
5 0.890625 0.551042 0.150000 0.052083
10 0.249219 0.500000 0.042188 0.116667
4 0.816406 0.337500 0.195312 0.325000
4 0.564063 0.271875 0.200000 0.285417
4 0.388281 0.236458 0.154688 0.227083
4 0.849219 0.098958 0.139063 0.097917
4 0.669531 0.077083 0.126562 0.112500
11 0.109375 0.276042 0.096875 0.085417
4 0.131250 0.086458 0.159375 0.143750
4 0.464062 0.088542 0.171875 0.056250
13 0.693750 0.353125 0.050000 0.168750