5 0.879687 0.829412 0.093750 0.157647
5 0.251563 0.840000 0.150000 0.141176
17 0.483594 0.702353 0.054688 0.096471
3 0.300781 0.684706 0.032813 0.056471
15 0.381250 0.702353 0.043750 0.120000
13 0.352344 0.670588 0.014063 0.070588
5 0.503125 0.641176 0.037500 0.025882
5 0.473438 0.617647 0.056250 0.040000
10 0.459375 0.580000 0.021875 0.035294
5 0.547656 0.598824 0.048438 0.049412
5 0.500781 0.581176 0.045312 0.032941
5 0.574219 0.552941 0.020313 0.042353
19 0.523438 0.544706 0.043750 0.040000
10 0.492969 0.555294 0.010937 0.014118
9 0.554688 0.532941 0.018750 0.044706
17 0.502344 0.503529 0.017188 0.028235
17 0.539844 0.487059 0.017188 0.028235
17 0.568750 0.483529 0.015625 0.025882
17 0.589844 0.478824 0.010937 0.025882
17 0.603125 0.483529 0.012500 0.025882
17 0.705469 0.470588 0.010937 0.023529
17 0.786719 0.571765 0.023438 0.051765
5 0.621875 0.470588 0.015625 0.018824
5 0.609375 0.462353 0.012500 0.016471
5 0.633594 0.460000 0.007812 0.016471
5 0.719531 0.481176 0.014063 0.021176
5 0.737500 0.494118 0.009375 0.028235
5 0.679688 0.443529 0.009375 0.011765
5 0.663281 0.464706 0.014063 0.007059
10 0.655469 0.521176 0.014063 0.025882
4 0.688281 0.460000 0.017188 0.016471
11 0.677344 0.476471 0.017188 0.016471
11 0.681250 0.515294 0.031250 0.061176
11 0.714063 0.432941 0.009375 0.014118