4 0.164844 0.925000 0.329688 0.141667
12 0.390625 0.907292 0.125000 0.181250
5 0.040625 0.810417 0.081250 0.179167
17 0.231250 0.834375 0.078125 0.035417
19 0.397656 0.758333 0.098437 0.133333
5 0.468750 0.708333 0.059375 0.112500
17 0.336719 0.760417 0.060937 0.129167
19 0.150000 0.785417 0.140625 0.141667
5 0.243750 0.728125 0.087500 0.118750
17 0.456250 0.647917 0.043750 0.058333
0 0.387500 0.669792 0.075000 0.110417
5 0.307812 0.662500 0.071875 0.079167
5 0.138281 0.712500 0.117188 0.108333
5 0.182031 0.639583 0.073438 0.062500
5 0.265625 0.618750 0.062500 0.075000
5 0.331250 0.614583 0.046875 0.062500
17 0.402344 0.591667 0.032813 0.029167
5 0.445312 0.621875 0.043750 0.064583
17 0.450000 0.576042 0.028125 0.027083
15 0.210156 0.585417 0.067187 0.054167
5 0.282813 0.573958 0.043750 0.031250
17 0.221875 0.548958 0.034375 0.018750
11 0.246094 0.542708 0.045312 0.047917
19 0.353906 0.569792 0.051562 0.072917
19 0.417969 0.555208 0.042188 0.056250
17 0.446094 0.542708 0.014063 0.035417
5 0.328906 0.553125 0.020313 0.047917
17 0.291406 0.546875 0.029687 0.031250
5 0.386719 0.553125 0.020313 0.043750
17 0.449219 0.523958 0.020313 0.014583
17 0.423438 0.519792 0.021875 0.014583
5 0.415625 0.513542 0.025000 0.018750
5 0.333594 0.532292 0.035937 0.031250
15 0.293750 0.530208 0.037500 0.035417
19 0.346094 0.508333 0.029687 0.041667
5 0.304688 0.507292 0.025000 0.018750
5 0.384375 0.520833 0.031250 0.025000
5 0.374219 0.502083 0.023438 0.012500
5 0.409375 0.497917 0.025000 0.016667
5 0.414062 0.484375 0.018750 0.006250
9 0.371094 0.482292 0.023438 0.027083
4 0.391406 0.457292 0.026562 0.043750
17 0.084375 0.498958 0.031250 0.039583
17 0.040625 0.504167 0.025000 0.041667
5 0.126562 0.481250 0.031250 0.029167
17 0.107813 0.488542 0.018750 0.031250
5 0.203906 0.442708 0.017188 0.018750
17 0.188281 0.445833 0.014063 0.020833
4 0.416406 0.428125 0.017188 0.022917
4 0.393750 0.410417 0.015625 0.033333
9 0.341406 0.482292 0.023438 0.022917
5 0.342969 0.463542 0.014063 0.010417
5 0.344531 0.455208 0.014063 0.006250