9 0.475781 0.917708 0.151562 0.160417
5 0.615625 0.913542 0.153125 0.168750
5 0.806250 0.948958 0.206250 0.097917
9 0.702344 0.803125 0.164062 0.168750
17 0.550781 0.770833 0.076563 0.133333
3 0.869531 0.629167 0.029687 0.045833
10 0.771875 0.601042 0.031250 0.043750
11 0.439063 0.736458 0.134375 0.197917
5 0.495312 0.698958 0.071875 0.097917
15 0.584375 0.695833 0.109375 0.108333
5 0.344531 0.662500 0.064062 0.083333
5 0.445312 0.623958 0.068750 0.068750
5 0.539844 0.625000 0.073438 0.066667
5 0.493750 0.580208 0.056250 0.056250
17 0.355469 0.602083 0.039062 0.058333
5 0.414062 0.585417 0.059375 0.058333
17 0.370312 0.584375 0.037500 0.064583
5 0.442188 0.548958 0.046875 0.047917
5 0.391406 0.544792 0.045312 0.039583
5 0.325000 0.569792 0.043750 0.056250
5 0.432812 0.518750 0.040625 0.033333
5 0.321875 0.533333 0.037500 0.020833
10 0.462500 0.516667 0.012500 0.020833
19 0.435156 0.488542 0.029687 0.039583
4 0.373437 0.492708 0.046875 0.085417
17 0.330469 0.510417 0.026562 0.037500
5 0.304688 0.492708 0.028125 0.031250
5 0.408594 0.484375 0.023438 0.031250
17 0.335156 0.485417 0.023438 0.033333
11 0.415625 0.454167 0.028125 0.029167
5 0.321094 0.469792 0.023438 0.014583
5 0.317969 0.463542 0.023438 0.022917
5 0.343750 0.461458 0.018750 0.022917
10 0.280469 0.468750 0.007812 0.016667
5 0.346875 0.446875 0.021875 0.014583
4 0.311719 0.437500 0.032813 0.054167
19 0.336719 0.426042 0.017188 0.027083
5 0.380469 0.428125 0.014063 0.018750
10 0.282031 0.438542 0.004687 0.010417
17 0.292969 0.434375 0.007812 0.022917
10 0.346094 0.380208 0.004687 0.006250
10 0.340625 0.380208 0.003125 0.006250
10 0.332031 0.380208 0.001563 0.006250
10 0.322656 0.379167 0.001563 0.004167
11 0.691406 0.470833 0.051562 0.033333