10 0.664062 0.647917 0.028125 0.054167
13 0.734375 0.594792 0.034375 0.072917
5 0.850000 0.546875 0.081250 0.039583
17 0.781250 0.595833 0.046875 0.066667
5 0.985938 0.701042 0.025000 0.077083
17 0.699219 0.517708 0.029687 0.039583
5 0.673438 0.505208 0.018750 0.039583
13 0.626563 0.508333 0.018750 0.041667
17 0.538281 0.536458 0.026562 0.052083
17 0.534375 0.485417 0.018750 0.033333
5 0.634375 0.466667 0.043750 0.025000
5 0.594531 0.454167 0.020313 0.025000
9 0.574219 0.450000 0.020313 0.025000
17 0.539062 0.450000 0.012500 0.020833
5 0.583594 0.538542 0.039062 0.047917
13 0.084375 0.738542 0.068750 0.114583
17 0.256250 0.625000 0.050000 0.079167
13 0.346094 0.485417 0.017188 0.033333
5 0.456250 0.480208 0.025000 0.031250
10 0.400000 0.482292 0.012500 0.022917
11 0.432031 0.432292 0.010937 0.022917