5 0.430469 0.614532 0.054688 0.086207
10 0.655469 0.538177 0.017188 0.036946
11 0.464062 0.459360 0.040625 0.081281
13 0.100781 0.661330 0.070312 0.076355
11 0.592969 0.476601 0.032813 0.046798
17 0.536719 0.417488 0.014063 0.027094
18 0.599219 0.384236 0.026562 0.044335
18 0.540625 0.374384 0.015625 0.019704
18 0.328906 0.434729 0.051562 0.056650
18 0.369531 0.403941 0.035937 0.044335
18 0.400781 0.383005 0.026562 0.041872
10 0.406250 0.431034 0.006250 0.014778
13 0.428906 0.385468 0.007812 0.017241
18 0.473438 0.370690 0.015625 0.027094
20 0.788281 0.561576 0.042188 0.054187
20 0.328906 0.480296 0.023438 0.029557