17 0.692708 0.857031 0.322917 0.279687
5 0.534375 0.753125 0.156250 0.143750
13 0.807292 0.750000 0.168750 0.171875
11 0.831250 0.676562 0.258333 0.156250
3 0.671875 0.707031 0.052083 0.026562
4 0.446875 0.636719 0.089583 0.079687
13 0.552083 0.660156 0.037500 0.042188
10 0.500000 0.653906 0.016667 0.023438
10 0.396875 0.650781 0.010417 0.020313
5 0.525000 0.641406 0.033333 0.023438
5 0.609375 0.638281 0.039583 0.023438
17 0.026042 0.747656 0.052083 0.135937
11 0.178125 0.667188 0.168750 0.112500