5 0.497222 0.681250 0.855556 0.446875
10 0.130556 0.496094 0.166667 0.217188
10 0.318056 0.444531 0.141667 0.114062
17 0.579167 0.424219 0.258333 0.085938
19 0.569444 0.424219 0.366667 0.139063
5 0.873611 0.449219 0.247222 0.129688
5 0.920833 0.518750 0.147222 0.165625
13 0.277778 0.418750 0.133333 0.115625
13 0.176389 0.383594 0.075000 0.073438
13 0.059722 0.382031 0.075000 0.064062
4 0.345833 0.353906 0.325000 0.154688
13 0.305556 0.377344 0.083333 0.045312
4 0.841667 0.347656 0.311111 0.070312