13 0.737500 0.550000 0.397222 0.287500
10 0.370833 0.446094 0.091667 0.082812
4 0.698611 0.402344 0.380556 0.123438
8 0.261111 0.391406 0.083333 0.054688
8 0.283333 0.371875 0.066667 0.034375
5 0.479167 0.414844 0.058333 0.045312
13 0.326389 0.406250 0.036111 0.050000
13 0.363889 0.394531 0.033333 0.020313
13 0.197222 0.386719 0.022222 0.014063
13 0.173611 0.388281 0.019444 0.020313
13 0.152778 0.387500 0.022222 0.012500
8 0.131944 0.371094 0.025000 0.010937
8 0.177778 0.371875 0.044444 0.012500
13 0.384722 0.382031 0.019444 0.007812
13 0.443056 0.382812 0.025000 0.009375
13 0.415278 0.427344 0.080556 0.079687
13 0.234722 0.409375 0.058333 0.053125
5 0.455556 0.396094 0.033333 0.020313
13 0.490278 0.388281 0.036111 0.010937
13 0.104167 0.387500 0.030556 0.012500
13 0.129167 0.388281 0.025000 0.010937
13 0.070833 0.383594 0.019444 0.007812
9 0.905556 0.399219 0.050000 0.045312