3 0.755556 0.484375 0.083333 0.103125
13 0.372222 0.457031 0.083333 0.079687
13 0.245833 0.464062 0.091667 0.090625
4 0.673611 0.414844 0.152778 0.042188
13 0.480556 0.423438 0.033333 0.028125
3 0.023611 0.457031 0.030556 0.039062
13 0.152778 0.421094 0.027778 0.017188
5 0.120833 0.425781 0.030556 0.014063
5 0.455556 0.426563 0.011111 0.015625
13 0.429167 0.421094 0.019444 0.023438
4 0.209722 0.405469 0.047222 0.020313
4 0.154167 0.400781 0.025000 0.010937
13 0.122222 0.413281 0.016667 0.007812
13 0.088889 0.452344 0.038889 0.026562
10 0.194444 0.425000 0.011111 0.018750
3 0.173611 0.447656 0.058333 0.032813
13 0.741667 0.442969 0.077778 0.057813
17 0.887500 0.431250 0.047222 0.018750
13 0.797222 0.425000 0.033333 0.015625
13 0.583333 0.418750 0.022222 0.015625
13 0.519444 0.420312 0.022222 0.012500