5 0.505556 0.546094 0.638889 0.248438
10 0.870833 0.485938 0.163889 0.171875
13 0.686111 0.421875 0.166667 0.121875
17 0.331944 0.414844 0.141667 0.089063
5 0.530556 0.413281 0.194444 0.039062
4 0.748611 0.375000 0.486111 0.106250
5 0.922222 0.446094 0.150000 0.117188
4 0.148611 0.364844 0.236111 0.073438
4 0.290278 0.351562 0.075000 0.040625
13 0.425000 0.389844 0.044444 0.057813
13 0.352778 0.367188 0.033333 0.015625
13 0.195833 0.414844 0.130556 0.095312
13 0.034722 0.389844 0.063889 0.057813
13 0.051389 0.686719 0.102778 0.410938
13 0.495833 0.378906 0.030556 0.032813
13 0.388889 0.364844 0.027778 0.014063