13 0.290278 0.474219 0.086111 0.085938
13 0.561111 0.486719 0.111111 0.101562
3 0.437500 0.460156 0.030556 0.057813
13 0.412500 0.440625 0.025000 0.034375
13 0.318056 0.442969 0.036111 0.042188
13 0.233333 0.433594 0.027778 0.029687
13 0.268056 0.432812 0.036111 0.025000
13 0.126389 0.429688 0.030556 0.015625
13 0.463889 0.434375 0.022222 0.021875
19 0.158333 0.416406 0.016667 0.007812
17 0.926389 0.453906 0.047222 0.023438
13 0.872222 0.453125 0.044444 0.037500
3 0.051389 0.467187 0.052778 0.040625
5 0.627778 0.443750 0.066667 0.018750