18 0.015278 0.479687 0.030556 0.065625
18 0.048611 0.475781 0.047222 0.051562
18 0.045833 0.439844 0.091667 0.054688
13 0.118056 0.510938 0.113889 0.090625
13 0.270833 0.503125 0.108333 0.096875
19 0.258333 0.474219 0.100000 0.054688
17 0.193056 0.461719 0.025000 0.026562
4 0.602778 0.453906 0.227778 0.095312
9 0.698611 0.500000 0.225000 0.096875
12 0.847222 0.453125 0.144444 0.037500
5 0.795833 0.483594 0.058333 0.048438
10 0.900000 0.518750 0.100000 0.103125
10 0.972222 0.542188 0.044444 0.112500
13 0.904167 0.470313 0.075000 0.034375