10 0.527344 0.836458 0.367188 0.314583
3 0.377344 0.607292 0.029687 0.072917
3 0.347656 0.559375 0.010937 0.027083
3 0.400000 0.540625 0.006250 0.014583
13 0.419531 0.559375 0.032813 0.068750
13 0.743750 0.591667 0.121875 0.170833
10 0.808594 0.590625 0.067187 0.047917
2 0.561719 0.579167 0.092188 0.129167
2 0.482031 0.557292 0.045312 0.068750
2 0.435937 0.547917 0.025000 0.054167
10 0.600781 0.567708 0.026562 0.035417
2 0.341406 0.530208 0.010937 0.018750
2 0.352344 0.532292 0.014063 0.027083
2 0.370312 0.533333 0.009375 0.025000
2 0.385156 0.536458 0.017188 0.027083