13 0.961719 0.554318 0.070312 0.506964
13 0.650000 0.392758 0.093750 0.261838
13 0.566406 0.338440 0.048438 0.142061
13 0.525781 0.306407 0.029687 0.083565
13 0.489844 0.316156 0.032813 0.091922
13 0.759375 0.299443 0.046875 0.080780
5 0.818750 0.367688 0.218750 0.144847
19 0.710156 0.302228 0.045312 0.075209
17 0.544531 0.298050 0.020313 0.055710
4 0.494531 0.266017 0.039062 0.069638
8 0.403906 0.313370 0.104688 0.186630
8 0.430469 0.254875 0.082812 0.097493
13 0.458594 0.328691 0.014063 0.122563
4 0.749219 0.214485 0.123438 0.094708
13 0.304688 0.313370 0.043750 0.103064