15 0.778125 0.462396 0.165625 0.144847
13 0.325781 0.433148 0.045312 0.080780
13 0.516406 0.447075 0.042188 0.097493
8 0.387500 0.391365 0.009375 0.013928
8 0.410156 0.389972 0.014063 0.022284
8 0.438281 0.388579 0.020313 0.019499
8 0.450781 0.391365 0.010937 0.019499
8 0.476562 0.406685 0.037500 0.077994
19 0.516406 0.428969 0.048438 0.089136
15 0.545312 0.424791 0.015625 0.064067
13 0.461719 0.423398 0.020313 0.061281
13 0.401562 0.413649 0.015625 0.019499
13 0.428125 0.412256 0.015625 0.022284
10 0.446094 0.435933 0.014063 0.058496
13 0.661719 0.409471 0.017188 0.027855
13 0.688281 0.415042 0.017188 0.038997
13 0.592187 0.403900 0.015625 0.022284