13 0.621094 0.596100 0.120313 0.373259
8 0.762500 0.417827 0.281250 0.295265
4 0.507031 0.417827 0.057813 0.100279
13 0.980469 0.479109 0.032813 0.094708
13 0.347656 0.459610 0.045312 0.094708
13 0.471094 0.473538 0.039062 0.111421
13 0.457031 0.455432 0.026562 0.080780
14 0.524219 0.451253 0.020313 0.061281
10 0.542969 0.437326 0.014063 0.044568
8 0.416406 0.410864 0.010937 0.013928
8 0.439063 0.413649 0.012500 0.019499
8 0.425000 0.413649 0.009375 0.013928
13 0.565625 0.431755 0.012500 0.027855
13 0.583594 0.427577 0.014063 0.025070
13 0.419531 0.434540 0.020313 0.027855
19 0.404687 0.413649 0.012500 0.008357