13 0.300000 0.523677 0.078125 0.194986
13 0.571094 0.554318 0.167187 0.222841
5 0.381250 0.512535 0.084375 0.122563
10 0.440625 0.449861 0.015625 0.047354
10 0.201563 0.481894 0.028125 0.111421
13 0.979688 0.565460 0.037500 0.133705
13 0.940625 0.534819 0.034375 0.111421
20 0.900781 0.579387 0.092188 0.077994
13 0.853906 0.534819 0.064062 0.139276
13 0.740625 0.504178 0.046875 0.094708
10 0.411719 0.434540 0.010937 0.038997
13 0.372656 0.440111 0.026562 0.044568
13 0.399219 0.442897 0.017188 0.061281
13 0.314063 0.426184 0.031250 0.027855
13 0.032031 0.689415 0.064062 0.169916