15 0.193750 0.454039 0.106250 0.144847
5 0.486719 0.520891 0.129688 0.194986
5 0.855469 0.756267 0.285938 0.370474
13 0.922656 0.490251 0.148438 0.194986
4 0.824219 0.405292 0.348438 0.186630
5 0.489063 0.448468 0.137500 0.100279
17 0.388281 0.473538 0.085938 0.178273
13 0.321875 0.451253 0.068750 0.155989
13 0.057813 0.696379 0.115625 0.590529
13 0.014844 0.380223 0.029687 0.080780
13 0.088281 0.387187 0.032813 0.077994
13 0.250000 0.406685 0.059375 0.100279
13 0.604688 0.430362 0.075000 0.103064
13 0.533594 0.415042 0.048438 0.089136
13 0.475000 0.388579 0.037500 0.030641
4 0.328906 0.346797 0.126562 0.058496
8 0.232813 0.348189 0.050000 0.061281
4 0.049219 0.342618 0.064062 0.044568
8 0.109375 0.348189 0.053125 0.055710
8 0.172656 0.356546 0.070312 0.077994
8 0.397656 0.356546 0.014063 0.061281
10 0.674219 0.559889 0.085938 0.272981