13 0.693750 0.871642 0.081250 0.244776
13 0.751563 0.628358 0.050000 0.170149
13 0.750781 0.811940 0.054688 0.214925
13 0.831250 0.555224 0.100000 0.143284
13 0.773438 0.489552 0.062500 0.143284
13 0.282031 0.901493 0.132812 0.185075
13 0.174219 0.758209 0.098437 0.179104
13 0.403906 0.622388 0.073438 0.158209
13 0.464844 0.643284 0.076563 0.152239
10 0.635156 0.567164 0.048438 0.089552
10 0.699219 0.568657 0.054688 0.140299
10 0.925781 0.534328 0.051562 0.101493
13 0.681250 0.501493 0.046875 0.119403
10 0.575781 0.773134 0.098437 0.191045
19 0.882031 0.414925 0.142187 0.143284
5 0.596875 0.704478 0.184375 0.191045
13 0.439844 0.817910 0.135937 0.244776
5 0.302344 0.820896 0.254688 0.262687
5 0.482812 0.453731 0.131250 0.107463
5 0.419531 0.555224 0.145313 0.155224
9 0.338281 0.504478 0.151562 0.179104
5 0.593750 0.507463 0.143750 0.119403
15 0.587500 0.444776 0.153125 0.137313
9 0.658594 0.385075 0.114062 0.125373
5 0.757031 0.422388 0.135937 0.152239
9 0.089844 0.498507 0.132812 0.179104
5 0.163281 0.425373 0.085938 0.080597
5 0.160156 0.337313 0.060937 0.083582
5 0.089063 0.385075 0.056250 0.083582
5 0.202344 0.374627 0.060937 0.092537
17 0.290625 0.680597 0.112500 0.214925
17 0.182031 0.276119 0.035937 0.062687
17 0.158594 0.277612 0.032813 0.071642
15 0.275000 0.313433 0.043750 0.053731