17 0.686719 0.305621 0.117188 0.269321
17 0.800000 0.118267 0.100000 0.203747
17 0.918750 0.854801 0.159375 0.281030
13 0.704688 0.874707 0.165625 0.241218
13 0.653906 0.775176 0.148438 0.337237
19 0.658594 0.628806 0.157812 0.133489
13 0.314063 0.352459 0.118750 0.175644
13 0.314063 0.430913 0.118750 0.187354
13 0.317188 0.562061 0.128125 0.252927
13 0.289062 0.683841 0.175000 0.276347
13 0.296094 0.766979 0.148438 0.255269
13 0.275000 0.877049 0.168750 0.156909
13 0.091406 0.730679 0.145313 0.262295
13 0.172656 0.557377 0.101562 0.238876
13 0.109375 0.675644 0.140625 0.311475
13 0.261719 0.206089 0.073438 0.173302
13 0.328125 0.316159 0.093750 0.192037
13 0.200000 0.283372 0.100000 0.229508
13 0.258594 0.194379 0.076563 0.177986
17 0.483594 0.112412 0.085938 0.182670
13 0.510938 0.152225 0.062500 0.140515
13 0.587500 0.412178 0.093750 0.224824
13 0.804688 0.496487 0.118750 0.229508
13 0.823438 0.625293 0.137500 0.248244
10 0.906250 0.557377 0.043750 0.266979
13 0.458594 0.361827 0.101562 0.156909
13 0.417969 0.282201 0.085938 0.199063
13 0.292969 0.070258 0.070312 0.140515
9 0.643750 0.163934 0.168750 0.238876
13 0.478906 0.846604 0.170313 0.255269
13 0.467969 0.672131 0.151562 0.192037
13 0.478125 0.578454 0.137500 0.163934
13 0.771875 0.359485 0.112500 0.194379