4 0.703125 0.790419 0.153125 0.401198
11 0.946094 0.860778 0.101562 0.260479
5 0.483594 0.923653 0.132812 0.134731
5 0.372656 0.907186 0.117188 0.167665
5 0.462500 0.784431 0.121875 0.179641
5 0.581250 0.817365 0.109375 0.203593
19 0.837500 0.790419 0.106250 0.257485
19 0.614844 0.660180 0.085938 0.170659
9 0.527344 0.654192 0.089063 0.182635
5 0.878906 0.712575 0.070312 0.125749
5 0.846094 0.624251 0.067187 0.098802
11 0.882031 0.546407 0.076563 0.152695
5 0.564844 0.592814 0.057813 0.107784
5 0.742188 0.585329 0.056250 0.032934
5 0.814844 0.568862 0.054688 0.101796
5 0.580469 0.537425 0.051562 0.086826
5 0.644531 0.570359 0.054688 0.056886
5 0.738281 0.543413 0.054688 0.062874
5 0.764844 0.519461 0.064062 0.092814
5 0.675000 0.534431 0.056250 0.074850
5 0.632812 0.504491 0.050000 0.080838
5 0.593750 0.471557 0.046875 0.062874
5 0.691406 0.483533 0.051562 0.050898
5 0.656250 0.444611 0.053125 0.050898
5 0.624219 0.420659 0.042188 0.062874
5 0.705469 0.452096 0.042188 0.047904
17 0.660156 0.405689 0.026562 0.038922
5 0.756250 0.462575 0.050000 0.050898
5 0.817187 0.483533 0.046875 0.086826
5 0.635938 0.374251 0.031250 0.035928
11 0.730469 0.416168 0.054688 0.065868
7 0.785156 0.431138 0.035937 0.083832
5 0.675781 0.369760 0.026562 0.050898
5 0.699219 0.381737 0.026562 0.056886
4 0.781250 0.257485 0.096875 0.047904
11 0.702344 0.305389 0.023438 0.035928
5 0.804688 0.300898 0.028125 0.026946
11 0.667969 0.297904 0.023438 0.038922
4 0.673438 0.257485 0.040625 0.041916
5 0.192969 0.784431 0.110937 0.161677
4 0.125781 0.606287 0.189062 0.272455
5 0.245312 0.661677 0.071875 0.137725
5 0.356250 0.670659 0.071875 0.107784
5 0.400000 0.598802 0.087500 0.095808
5 0.238281 0.552395 0.051562 0.086826
5 0.347656 0.576347 0.035937 0.080838
5 0.371875 0.522455 0.059375 0.074850
5 0.358594 0.468563 0.067187 0.074850
4 0.536719 0.278443 0.054688 0.047904
17 0.238281 0.486527 0.042188 0.068862
17 0.264062 0.464072 0.034375 0.065868
13 0.293750 0.399701 0.018750 0.026946
13 0.202344 0.464072 0.026562 0.029940