13 0.278022 0.897656 0.230769 0.195312
17 0.139560 0.757031 0.239560 0.229687
13 0.531868 0.770312 0.189011 0.140625
10 0.075824 0.643750 0.151648 0.128125
10 0.738462 0.900000 0.149451 0.190625
10 0.919780 0.824219 0.129670 0.198437
10 0.376923 0.588281 0.076923 0.114062
10 0.461538 0.610938 0.083516 0.118750
10 0.550549 0.539062 0.076923 0.090625
10 0.452747 0.518750 0.065934 0.075000
10 0.400000 0.462500 0.048352 0.065625
10 0.358242 0.389062 0.061538 0.078125
10 0.480220 0.228125 0.024176 0.034375
10 0.464835 0.214062 0.028571 0.031250
10 0.429670 0.259375 0.037363 0.037500
10 0.385714 0.275781 0.028571 0.035937
10 0.652747 0.260156 0.030769 0.042188
10 0.509890 0.175781 0.021978 0.017188
10 0.597802 0.179688 0.021978 0.021875
10 0.586813 0.108594 0.013187 0.007812
10 0.581319 0.154688 0.010989 0.018750
10 0.476923 0.136719 0.013187 0.017188
20 0.697802 0.689063 0.173626 0.215625
5 0.862637 0.580469 0.265934 0.210938
5 0.231868 0.485938 0.204396 0.140625
17 0.660440 0.446875 0.125275 0.128125
13 0.684615 0.554688 0.112088 0.081250
17 0.525275 0.435156 0.109890 0.107813
4 0.932967 0.434375 0.125275 0.206250
5 0.507692 0.373437 0.145055 0.093750
17 0.670330 0.372656 0.118681 0.101562
13 0.721978 0.333594 0.072527 0.092188
11 0.854945 0.336719 0.118681 0.114062
5 0.760440 0.284375 0.114286 0.053125
13 0.682418 0.291406 0.063736 0.051562
17 0.614286 0.303906 0.081319 0.076563
13 0.387912 0.338281 0.072527 0.073438
13 0.313187 0.306250 0.063736 0.084375
9 0.474725 0.287500 0.101099 0.081250
5 0.359341 0.239844 0.112088 0.051562
11 0.591209 0.252344 0.105495 0.067187
13 0.410989 0.201563 0.039560 0.050000
13 0.427473 0.189844 0.028571 0.045312
13 0.512088 0.206250 0.039560 0.050000
13 0.479121 0.179688 0.026374 0.021875
13 0.439560 0.157812 0.030769 0.018750
13 0.454945 0.141406 0.021978 0.014063
4 0.698901 0.189062 0.167033 0.125000
13 0.558242 0.163281 0.030769 0.023438
13 0.568132 0.149219 0.015385 0.007812
5 0.614286 0.157031 0.028571 0.029687
5 0.602198 0.140625 0.035165 0.021875
13 0.612088 0.122656 0.019780 0.017188
17 0.569231 0.126562 0.026374 0.018750
5 0.593407 0.121875 0.021978 0.018750
4 0.516484 0.125000 0.052747 0.053125
5 0.509890 0.170313 0.043956 0.028125
5 0.524176 0.153906 0.041758 0.026562
13 0.402198 0.146875 0.017582 0.009375
13 0.458242 0.131250 0.019780 0.009375
13 0.461538 0.116406 0.017582 0.014063
13 0.489011 0.116406 0.015385 0.014063
13 0.476923 0.112500 0.013187 0.009375
13 0.465934 0.103906 0.013187 0.007812
13 0.453846 0.107813 0.015385 0.009375
7 0.445055 0.103125 0.024176 0.015625
13 0.423077 0.117188 0.015385 0.009375
13 0.425275 0.097656 0.015385 0.010937
13 0.417582 0.109375 0.013187 0.006250
13 0.453846 0.090625 0.010989 0.006250
13 0.437363 0.089063 0.013187 0.009375
5 0.564835 0.114062 0.026374 0.009375
5 0.564835 0.106250 0.026374 0.006250
5 0.589011 0.102344 0.021978 0.014063
5 0.548352 0.122656 0.010989 0.020313
5 0.579121 0.096094 0.019780 0.007812
5 0.568132 0.092188 0.015385 0.009375
4 0.505495 0.093750 0.039560 0.018750
11 0.537363 0.097656 0.024176 0.023438
4 0.547253 0.090625 0.030769 0.021875
4 0.536264 0.078125 0.035165 0.009375
4 0.512088 0.075781 0.026374 0.010937
4 0.490110 0.071094 0.021978 0.014063
4 0.479121 0.063281 0.021978 0.007812
4 0.498901 0.060156 0.013187 0.007812
4 0.562637 0.078125 0.017582 0.012500
3 0.121978 0.435156 0.059341 0.057813
3 0.071429 0.500000 0.063736 0.068750
3 0.157143 0.398438 0.046154 0.059375