4 0.423138 0.492969 0.177496 0.135937
4 0.459588 0.374219 0.123613 0.035937
4 0.513471 0.267188 0.114105 0.053125
4 0.619651 0.463281 0.133122 0.076563
4 0.227417 0.750000 0.236133 0.103125
4 0.584786 0.648438 0.225040 0.068750
4 0.465927 0.860938 0.066561 0.265625
4 0.218700 0.898438 0.412044 0.200000
10 0.295563 0.512500 0.045959 0.046875
10 0.324881 0.565625 0.022187 0.075000
4 0.683043 0.898438 0.377179 0.190625
10 0.581616 0.560156 0.050713 0.085938
4 0.656101 0.367188 0.126783 0.034375
4 0.593502 0.322656 0.137876 0.032813
4 0.560222 0.354687 0.045959 0.084375
4 0.809033 0.259375 0.087163 0.046875
4 0.805071 0.322656 0.107765 0.067187
5 0.802694 0.671875 0.147385 0.053125
11 0.400951 0.642969 0.091918 0.126562
7 0.701268 0.528906 0.071315 0.039062
9 0.709984 0.590625 0.120444 0.046875
5 0.774168 0.589063 0.106181 0.081250
5 0.841521 0.549219 0.114105 0.076563
5 0.838352 0.739844 0.117274 0.076563
5 0.892235 0.841406 0.117274 0.123438
5 0.941363 0.956250 0.107765 0.081250
5 0.761490 0.402344 0.052298 0.051562
5 0.246434 0.455469 0.068146 0.064062
3 0.032488 0.533594 0.033281 0.032813
9 0.969889 0.775781 0.053883 0.192188
15 0.948494 0.621094 0.093502 0.129688
9 0.953249 0.527344 0.087163 0.060937
15 0.824881 0.491406 0.099842 0.064062
5 0.756735 0.480469 0.030111 0.070312
9 0.962758 0.463281 0.068146 0.060937
9 0.954041 0.442969 0.085578 0.092188
9 0.905705 0.360938 0.064976 0.062500
5 0.725040 0.351562 0.052298 0.046875
4 0.964342 0.353906 0.033281 0.085938
11 0.711569 0.314844 0.050713 0.032813
4 0.900158 0.252344 0.079239 0.032813
9 0.910460 0.283594 0.055468 0.026562
5 0.928685 0.309375 0.041204 0.021875
11 0.964342 0.296094 0.033281 0.035937
4 0.602219 0.190625 0.050713 0.031250
4 0.567353 0.239844 0.060222 0.029687
4 0.603011 0.234375 0.074485 0.046875
4 0.669572 0.240625 0.064976 0.053125
4 0.633914 0.294531 0.098257 0.051562
4 0.796355 0.203906 0.045959 0.014063
11 0.785261 0.221094 0.036450 0.020313
15 0.945325 0.213281 0.052298 0.029687
9 0.729002 0.182031 0.019017 0.017188
11 0.982567 0.210156 0.028526 0.042188
4 0.918384 0.192188 0.033281 0.021875
4 0.887480 0.189062 0.028526 0.031250
4 0.687797 0.168750 0.028526 0.018750
4 0.667987 0.195312 0.030111 0.031250
5 0.718700 0.194531 0.017433 0.014063
15 0.725832 0.232813 0.034865 0.012500
4 0.637876 0.196094 0.030111 0.029687
4 0.631537 0.176563 0.030111 0.012500