5 0.268750 0.926230 0.134375 0.138173
4 0.244531 0.745902 0.135937 0.213115
4 0.102344 0.736534 0.151562 0.250585
4 0.025781 0.817330 0.051562 0.224824
4 0.199219 0.533958 0.079687 0.088993
4 0.182031 0.605386 0.095312 0.053864
4 0.291406 0.649883 0.120313 0.180328
9 0.438281 0.878220 0.114062 0.182670
9 0.406250 0.716628 0.093750 0.070258
5 0.572656 0.894614 0.120313 0.140515
5 0.541406 0.824356 0.085938 0.126464
5 0.525000 0.770492 0.078125 0.098361
9 0.401562 0.754098 0.071875 0.088993
5 0.775000 0.772834 0.087500 0.084309
5 0.918750 0.935597 0.150000 0.119438
5 0.876563 0.734192 0.096875 0.077283
5 0.935156 0.771663 0.095312 0.072600
5 0.974219 0.855972 0.045312 0.156909
5 0.826562 0.663934 0.046875 0.072600
4 0.953906 0.555035 0.085938 0.126464
4 0.863281 0.519906 0.098437 0.107728
4 0.789062 0.451991 0.103125 0.103044
4 0.631250 0.437939 0.096875 0.093677
5 0.501563 0.668618 0.068750 0.044496
4 0.346094 0.437939 0.057813 0.051522
11 0.573438 0.466042 0.075000 0.131148
11 0.688281 0.546838 0.070312 0.096019
19 0.753906 0.505855 0.057813 0.065574
9 0.308594 0.519906 0.051562 0.046838
5 0.389844 0.548009 0.048438 0.051522
4 0.258594 0.392272 0.051562 0.063232
4 0.239844 0.505855 0.067187 0.140515
4 0.392969 0.413349 0.060937 0.063232
15 0.475000 0.598361 0.062500 0.081967
5 0.492969 0.633489 0.060937 0.058548
5 0.442969 0.536300 0.045312 0.056206
5 0.361719 0.358314 0.020313 0.023419
5 0.384375 0.355972 0.018750 0.023419
4 0.333594 0.407494 0.051562 0.051522
4 0.306250 0.470726 0.065625 0.060890
5 0.403125 0.613583 0.053125 0.023419
5 0.407031 0.639344 0.070312 0.028103
5 0.400000 0.663934 0.071875 0.035129
5 0.976562 0.813817 0.043750 0.077283
11 0.901563 0.663934 0.109375 0.156909
4 0.742969 0.389930 0.082812 0.053864
5 0.592969 0.550351 0.045312 0.042155
5 0.760156 0.590164 0.051562 0.023419
9 0.747656 0.550351 0.032813 0.056206
4 0.664844 0.433255 0.039062 0.065574
11 0.521094 0.446136 0.032813 0.063232
4 0.473438 0.348946 0.028125 0.032787
5 0.525000 0.408665 0.025000 0.021077
5 0.500000 0.395785 0.018750 0.023419
4 0.312500 0.365340 0.037500 0.018735
4 0.295312 0.411007 0.015625 0.039813
4 0.557031 0.380562 0.029687 0.039813
4 0.524219 0.353630 0.029687 0.046838