8 0.624219 0.661972 0.195312 0.384977
4 0.713281 0.473005 0.157812 0.246479
11 0.922656 0.866197 0.148438 0.244131
13 0.905469 0.710094 0.076563 0.077465
5 0.172656 0.897887 0.132812 0.180751
5 0.072656 0.914319 0.073438 0.115023
5 0.207031 0.744131 0.142187 0.220657
5 0.242188 0.683099 0.109375 0.183099
5 0.306250 0.592723 0.081250 0.147887
5 0.292187 0.620892 0.109375 0.100939
5 0.330469 0.473005 0.095312 0.091549
5 0.434375 0.664319 0.087500 0.220657
5 0.421875 0.694836 0.103125 0.178404
5 0.392188 0.843897 0.118750 0.298122
5 0.360156 0.897887 0.173437 0.190141
15 0.716406 0.926056 0.195312 0.133803
4 0.371094 0.352113 0.057813 0.248826
4 0.339844 0.339202 0.076563 0.138498
5 0.509375 0.438967 0.078125 0.122066
5 0.582031 0.403756 0.076563 0.107981
5 0.557813 0.341549 0.065625 0.072770
5 0.454688 0.306338 0.015625 0.077465
5 0.414844 0.326291 0.026562 0.098592
15 0.491406 0.330986 0.057813 0.089202
5 0.451562 0.234742 0.031250 0.061033
4 0.532031 0.241784 0.070312 0.122066
18 0.614844 0.269953 0.085938 0.154930
18 0.729688 0.316901 0.090625 0.159624
9 0.823438 0.325117 0.050000 0.086854
4 0.576562 0.163146 0.050000 0.063380
5 0.457813 0.186620 0.031250 0.035211
4 0.533594 0.111502 0.026562 0.039906
8 0.613281 0.143192 0.039062 0.046948
5 0.541406 0.171362 0.010937 0.023474
9 0.468750 0.171362 0.025000 0.051643
4 0.557031 0.068075 0.017188 0.037559
5 0.500000 0.144366 0.028125 0.035211
9 0.538281 0.154930 0.020313 0.042254
8 0.575781 0.113850 0.039062 0.030516
9 0.503906 0.099765 0.017188 0.021127
9 0.485156 0.117371 0.020313 0.018779
5 0.502344 0.070423 0.014063 0.018779
5 0.519531 0.073944 0.010937 0.016432
4 0.530469 0.049296 0.014063 0.014085
9 0.539062 0.072770 0.012500 0.018779
13 0.653906 0.224178 0.023438 0.049296
5 0.648438 0.341549 0.065625 0.011737
5 0.619531 0.370892 0.017188 0.056338