13 0.838028 0.929688 0.225352 0.137500
13 0.487089 0.928906 0.223005 0.135937
13 0.696009 0.774219 0.420188 0.179688
13 0.237089 0.859375 0.342723 0.234375
13 0.363850 0.785937 0.328638 0.121875
13 0.433099 0.683594 0.119718 0.098437
13 0.678404 0.590625 0.197183 0.203125
13 0.491784 0.600000 0.255869 0.200000
13 0.788732 0.533594 0.061033 0.123438
13 0.666667 0.485156 0.117371 0.064062
13 0.691315 0.461719 0.100939 0.092188
13 0.725352 0.432031 0.112676 0.104688
13 0.461268 0.472656 0.086854 0.054688
13 0.220657 0.522656 0.131455 0.135937
13 0.109155 0.564844 0.218310 0.160938
13 0.258216 0.453906 0.093897 0.098437
13 0.052817 0.491406 0.105634 0.095312
13 0.179577 0.437500 0.096244 0.096875
13 0.300469 0.448437 0.117371 0.118750
13 0.408451 0.500000 0.098592 0.168750
13 0.605634 0.428125 0.093897 0.115625
13 0.449531 0.416406 0.086854 0.067187
13 0.524648 0.403906 0.072770 0.089063
13 0.746479 0.390625 0.079812 0.090625
13 0.473005 0.346094 0.091549 0.073438
13 0.620892 0.356250 0.096244 0.096875
13 0.465962 0.306250 0.063380 0.028125
13 0.455399 0.317969 0.075117 0.089063
13 0.575117 0.291406 0.075117 0.064062
13 0.667840 0.320312 0.086854 0.090625
13 0.741784 0.322656 0.065728 0.054688
13 0.791080 0.346094 0.070423 0.064062
13 0.834507 0.319531 0.077465 0.089063
13 0.853286 0.294531 0.077465 0.089063
13 0.896714 0.221875 0.061033 0.062500
13 0.572770 0.253906 0.056338 0.023438
13 0.617371 0.249219 0.061033 0.054688
13 0.645540 0.243750 0.056338 0.062500
13 0.748826 0.217188 0.046948 0.068750
13 0.869718 0.184375 0.049296 0.050000
13 0.927230 0.196875 0.042254 0.053125
13 0.850939 0.174219 0.025822 0.048438
13 0.901408 0.162500 0.032864 0.037500
13 0.928404 0.154688 0.030516 0.012500
13 0.950704 0.186719 0.042254 0.051562
13 0.859155 0.141406 0.042254 0.032813
13 0.968310 0.160156 0.039906 0.045312
13 0.977700 0.152344 0.030516 0.042188
13 0.953052 0.109375 0.028169 0.031250
13 0.976526 0.102344 0.023474 0.026562
13 0.961268 0.088281 0.016432 0.010937
13 0.937793 0.094531 0.021127 0.010937
13 0.977700 0.085156 0.016432 0.010937
11 0.753521 0.185156 0.089202 0.051562
12 0.915493 0.118750 0.051643 0.040625
13 0.833333 0.571094 0.154930 0.195312
15 0.927230 0.500000 0.131455 0.159375
5 0.930751 0.398438 0.124413 0.100000
5 0.953052 0.332813 0.079812 0.037500
5 0.963615 0.291406 0.058685 0.048438
5 0.970657 0.251563 0.044601 0.028125
5 0.985915 0.207813 0.014085 0.028125
5 0.984742 0.231250 0.016432 0.015625
10 0.565728 0.239063 0.037559 0.021875