13 0.035156 0.802353 0.070312 0.178824
13 0.017188 0.645882 0.034375 0.105882
13 0.111719 0.649412 0.073438 0.098824
13 0.199219 0.637647 0.070312 0.098824
13 0.243750 0.589412 0.050000 0.082353
13 0.213281 0.574118 0.017188 0.056471
13 0.702344 0.647059 0.035937 0.145882
13 0.757812 0.914118 0.078125 0.162353
13 0.852344 0.827059 0.076563 0.218824
13 0.769531 0.734118 0.060937 0.131765
13 0.830469 0.701176 0.060937 0.117647
13 0.795312 0.637647 0.040625 0.089412
13 0.755469 0.672941 0.054688 0.108235
3 0.710938 0.861176 0.034375 0.169412
12 0.583594 0.610588 0.076563 0.195294
10 0.435937 0.584706 0.034375 0.063529
5 0.497656 0.600000 0.070312 0.108235
5 0.442969 0.688235 0.067187 0.157647
11 0.332031 0.812941 0.179688 0.364706
4 0.595313 0.888235 0.187500 0.214118
4 0.628125 0.784706 0.134375 0.421176
5 0.714063 0.575294 0.056250 0.091765
5 0.017188 0.944706 0.031250 0.082353
5 0.221875 0.692941 0.115625 0.120000
13 0.012500 0.583529 0.025000 0.047059
13 0.007812 0.550588 0.015625 0.028235
13 0.013281 0.520000 0.023438 0.047059
13 0.089063 0.518824 0.025000 0.030588
13 0.114062 0.517647 0.021875 0.032941
13 0.130469 0.508235 0.023438 0.037647
13 0.093750 0.483529 0.021875 0.021176
13 0.157031 0.482353 0.023438 0.018824
13 0.178906 0.470588 0.020313 0.023529
13 0.200781 0.465882 0.023438 0.032941
13 0.223438 0.449412 0.021875 0.023529
13 0.125000 0.477647 0.018750 0.023529
15 0.200781 0.505882 0.092188 0.047059
7 0.113281 0.576471 0.126562 0.075294
7 0.193750 0.543529 0.106250 0.089412
17 0.348438 0.496471 0.037500 0.061176
7 0.372656 0.448235 0.042188 0.044706
9 0.371875 0.543529 0.071875 0.098824
15 0.241406 0.487059 0.048438 0.061176
5 0.320312 0.456471 0.050000 0.047059
13 0.194531 0.435294 0.017188 0.023529
13 0.218750 0.430588 0.015625 0.014118
13 0.237500 0.423529 0.018750 0.023529
13 0.247656 0.442353 0.020313 0.023529
13 0.289062 0.435294 0.015625 0.023529
13 0.271094 0.428235 0.010937 0.023529
13 0.294531 0.416471 0.020313 0.028235
13 0.330469 0.414118 0.020313 0.032941
13 0.348438 0.409412 0.012500 0.023529
13 0.321094 0.407059 0.017188 0.037647
13 0.165625 0.458824 0.015625 0.023529
10 0.312500 0.411765 0.009375 0.028235
1 0.427344 0.472941 0.054688 0.051765
10 0.462500 0.438824 0.015625 0.040000
13 0.414062 0.425882 0.021875 0.037647
13 0.443750 0.411765 0.015625 0.037647
13 0.473438 0.395294 0.015625 0.028235
5 0.366406 0.421176 0.032813 0.018824
5 0.395313 0.414118 0.031250 0.028235
5 0.421094 0.400000 0.026562 0.028235
5 0.435937 0.391765 0.021875 0.025882
5 0.452344 0.383529 0.029687 0.028235
13 0.392188 0.388235 0.012500 0.018824
13 0.406250 0.383529 0.012500 0.018824
11 0.404687 0.367059 0.015625 0.018824
13 0.425781 0.371765 0.010937 0.014118
13 0.471094 0.356471 0.010937 0.016471
13 0.489063 0.349412 0.009375 0.016471
17 0.493750 0.421176 0.025000 0.032941
5 0.511719 0.395294 0.035937 0.028235
5 0.501563 0.360000 0.015625 0.018824
5 0.553906 0.428235 0.029687 0.042353
5 0.562500 0.409412 0.021875 0.028235
4 0.595313 0.470588 0.059375 0.136471
5 0.634375 0.469412 0.028125 0.058824
10 0.671875 0.487059 0.015625 0.056471
5 0.654687 0.442353 0.028125 0.042353
5 0.624219 0.423529 0.023438 0.032941
5 0.651563 0.418824 0.021875 0.028235
5 0.642188 0.409412 0.025000 0.032941
13 0.788281 0.578824 0.035937 0.070588
13 0.782813 0.534118 0.037500 0.075294
3 0.975000 0.860000 0.034375 0.120000
3 0.959375 0.800000 0.078125 0.089412
13 0.857812 0.611765 0.040625 0.075294
13 0.846875 0.575294 0.037500 0.082353
13 0.906250 0.580000 0.050000 0.087059
13 0.956250 0.560000 0.040625 0.080000
13 0.988281 0.549412 0.017188 0.077647
13 0.760938 0.494118 0.040625 0.061176
13 0.732031 0.458824 0.026562 0.023529
13 0.802344 0.475294 0.023438 0.032941
5 0.848437 0.517647 0.109375 0.061176
12 0.948438 0.494118 0.100000 0.089412
13 0.984375 0.455294 0.021875 0.025882
17 0.893750 0.484706 0.015625 0.051765
17 0.721875 0.503529 0.056250 0.065882
13 0.685937 0.432941 0.018750 0.032941
5 0.743750 0.456471 0.043750 0.042353
5 0.725000 0.432941 0.028125 0.028235
5 0.714063 0.417647 0.028125 0.025882
13 0.688281 0.414118 0.014063 0.018824
13 0.673438 0.408235 0.012500 0.030588
17 0.644531 0.383529 0.010937 0.014118
17 0.631250 0.385882 0.012500 0.014118
7 0.629687 0.368235 0.015625 0.011765
4 0.578125 0.376471 0.025000 0.037647
5 0.630469 0.343529 0.010937 0.018824
7 0.648438 0.338824 0.012500 0.018824
5 0.614844 0.349412 0.007812 0.016471
4 0.643750 0.320000 0.012500 0.014118
4 0.625781 0.317647 0.014063 0.014118
5 0.670312 0.356471 0.015625 0.016471
5 0.611719 0.381176 0.017188 0.018824
5 0.568750 0.335294 0.012500 0.016471
5 0.550781 0.327059 0.010937 0.014118
13 0.379688 0.391765 0.012500 0.025882
5 0.460938 0.425882 0.037500 0.037647