17 0.935156 0.895294 0.120313 0.200000
5 0.710938 0.630588 0.131250 0.117647
13 0.425000 0.949412 0.084375 0.091765
13 0.322656 0.914118 0.098437 0.162353
13 0.200000 0.923529 0.100000 0.143529
13 0.109375 0.868235 0.109375 0.197647
13 0.059375 0.777647 0.118750 0.171765
13 0.226562 0.825882 0.181250 0.202353
13 0.161719 0.731765 0.060937 0.127059
13 0.055469 0.629412 0.067187 0.134118
13 0.104688 0.578824 0.046875 0.112941
13 0.563281 0.597647 0.057813 0.122353
13 0.435156 0.355294 0.023438 0.047059
7 0.371875 0.674118 0.118750 0.204706
7 0.403125 0.615294 0.078125 0.129412
7 0.423438 0.605882 0.084375 0.148235
7 0.613281 0.498824 0.073438 0.122353
7 0.852344 0.458824 0.101562 0.089412
11 0.925000 0.625882 0.146875 0.258824
4 0.686719 0.394118 0.107813 0.105882
13 0.022656 0.569412 0.045312 0.112941
13 0.078125 0.529412 0.034375 0.065882
13 0.188281 0.701176 0.073438 0.183529
13 0.260156 0.614118 0.042188 0.164706
13 0.167969 0.608235 0.051562 0.115294
13 0.153125 0.600000 0.050000 0.150588
13 0.189844 0.538824 0.042188 0.094118
13 0.234375 0.565882 0.034375 0.110588
13 0.243750 0.510588 0.037500 0.051765
13 0.058594 0.515294 0.035937 0.084706
13 0.151562 0.494118 0.046875 0.084706
13 0.117188 0.472941 0.034375 0.065882
13 0.114844 0.418824 0.023438 0.037647
13 0.166406 0.438824 0.032813 0.077647
13 0.146094 0.418824 0.029687 0.070588
13 0.207813 0.458824 0.037500 0.080000
13 0.220312 0.435294 0.028125 0.075294
13 0.258594 0.487059 0.029687 0.051765
13 0.262500 0.456471 0.028125 0.023529
13 0.278125 0.456471 0.034375 0.070588
13 0.278906 0.411765 0.023438 0.032941
13 0.192188 0.401176 0.021875 0.054118
13 0.193750 0.368235 0.021875 0.016471
13 0.300781 0.389412 0.026562 0.058824
13 0.289062 0.363529 0.021875 0.054118
13 0.277344 0.349412 0.020313 0.049412
13 0.317969 0.282353 0.010937 0.032941
13 0.275781 0.300000 0.014063 0.030588
11 0.253125 0.315294 0.031250 0.047059
12 0.309375 0.267059 0.021875 0.030588
15 0.344531 0.544706 0.070312 0.063529
5 0.348438 0.515294 0.071875 0.042353
5 0.340625 0.482353 0.062500 0.080000
5 0.400000 0.418824 0.046875 0.065882
5 0.344531 0.432941 0.057813 0.037647
5 0.345313 0.400000 0.043750 0.042353
5 0.346094 0.374118 0.039062 0.032941
5 0.352344 0.357647 0.032813 0.037647
5 0.350781 0.337647 0.029687 0.021176
5 0.351562 0.325882 0.028125 0.021176
11 0.385156 0.328235 0.026562 0.049412
5 0.401562 0.309412 0.012500 0.025882
5 0.357031 0.314118 0.023438 0.016471
5 0.357031 0.302353 0.020313 0.011765
5 0.358594 0.291765 0.014063 0.004706
5 0.364844 0.291765 0.020313 0.018824
5 0.388281 0.289412 0.020313 0.023529
5 0.361719 0.280000 0.017188 0.009412
5 0.367188 0.276471 0.015625 0.011765
5 0.365625 0.269412 0.015625 0.011765
5 0.367188 0.263529 0.015625 0.009412
5 0.366406 0.256471 0.017188 0.014118
13 0.343750 0.267059 0.009375 0.025882
13 0.328125 0.263529 0.009375 0.023529
13 0.412500 0.244706 0.009375 0.023529
13 0.393750 0.261176 0.009375 0.023529
13 0.384375 0.256471 0.009375 0.018824
13 0.354687 0.243529 0.006250 0.011765
13 0.404687 0.242353 0.006250 0.018824
7 0.400781 0.221176 0.010937 0.018824
13 0.349219 0.235294 0.004687 0.014118
9 0.420312 0.216471 0.006250 0.014118
4 0.431250 0.229412 0.015625 0.025882
17 0.438281 0.237647 0.007812 0.009412
5 0.437500 0.257647 0.012500 0.016471
9 0.341406 0.225882 0.010937 0.014118
13 0.943750 0.467059 0.056250 0.063529
13 0.979688 0.460000 0.034375 0.063529
13 0.918750 0.432941 0.021875 0.032941
13 0.890625 0.434118 0.034375 0.035294
5 0.923438 0.421176 0.053125 0.032941
10 0.795312 0.435294 0.018750 0.028235
17 0.799219 0.444706 0.007812 0.065882
5 0.764062 0.432941 0.043750 0.061176
5 0.846875 0.403529 0.050000 0.035294
5 0.808594 0.383529 0.035937 0.037647
4 0.760156 0.380000 0.051562 0.082353
4 0.734375 0.343529 0.093750 0.056471
5 0.628906 0.390588 0.017188 0.032941
5 0.591406 0.369412 0.039062 0.042353
5 0.575781 0.341176 0.026562 0.023529
5 0.622656 0.294118 0.020313 0.023529
12 0.604688 0.331765 0.031250 0.070588
4 0.542969 0.294118 0.051562 0.061176
13 0.582031 0.298824 0.010937 0.032941
5 0.642969 0.322353 0.029687 0.032941
4 0.508594 0.270588 0.023438 0.037647
5 0.529687 0.247059 0.012500 0.018824
13 0.426563 0.291765 0.012500 0.032941
13 0.293750 0.278824 0.021875 0.021176
5 0.808594 0.560000 0.079687 0.103529
5 0.750000 0.477647 0.078125 0.070588
10 0.688281 0.470588 0.020313 0.032941