4 0.538281 0.306250 0.076563 0.129167
4 0.712500 0.346875 0.068750 0.102083
17 0.039844 0.710417 0.073438 0.125000
17 0.407031 0.452083 0.076563 0.087500
9 0.039844 0.862500 0.076563 0.195833
15 0.100000 0.932292 0.150000 0.118750
15 0.204687 0.857292 0.212500 0.072917
15 0.241406 0.817708 0.214062 0.106250
5 0.331250 0.661458 0.209375 0.152083
5 0.379688 0.596875 0.146875 0.097917
9 0.517969 0.713542 0.157812 0.181250
15 0.680469 0.507292 0.085938 0.114583
4 0.503125 0.486458 0.096875 0.139583
9 0.597656 0.644792 0.207813 0.102083
9 0.584375 0.728125 0.062500 0.135417
9 0.807031 0.515625 0.076563 0.114583
9 0.832812 0.481250 0.075000 0.079167
17 0.474219 0.375000 0.051562 0.045833
5 0.044531 0.458333 0.085938 0.058333
15 0.157031 0.417708 0.154688 0.093750
5 0.786719 0.423958 0.064062 0.072917
0 0.870313 0.418750 0.062500 0.087500
15 0.792969 0.363542 0.067187 0.068750
17 0.838281 0.338542 0.039062 0.060417
5 0.885156 0.371875 0.073438 0.056250
9 0.906250 0.328125 0.062500 0.081250
17 0.936719 0.297917 0.026562 0.058333
5 0.960156 0.284375 0.032813 0.043750
17 0.849219 0.306250 0.029687 0.025000
17 0.833594 0.291667 0.035937 0.029167
17 0.836719 0.267708 0.023438 0.014583
4 0.717969 0.330208 0.079687 0.131250
4 0.724219 0.258333 0.051562 0.016667
4 0.739844 0.242708 0.070312 0.031250
11 0.886719 0.282292 0.051562 0.043750
9 0.923438 0.250000 0.031250 0.033333
11 0.787500 0.310417 0.040625 0.041667
4 0.946875 0.185417 0.103125 0.037500
4 0.810156 0.172917 0.123438 0.050000
4 0.951562 0.159375 0.090625 0.010417
4 0.696875 0.194792 0.090625 0.035417
4 0.775781 0.213542 0.054688 0.031250
4 0.737500 0.216667 0.053125 0.016667
4 0.792188 0.233333 0.034375 0.054167
15 0.839063 0.242708 0.028125 0.031250
5 0.877344 0.239583 0.029687 0.025000
9 0.950000 0.191667 0.025000 0.020833
5 0.975781 0.246875 0.026562 0.022917
4 0.588281 0.282292 0.157812 0.152083
10 0.607031 0.507292 0.039062 0.052083
5 0.246094 0.394792 0.051562 0.047917
5 0.335938 0.365625 0.093750 0.043750
9 0.446094 0.313542 0.089063 0.039583
11 0.373437 0.334375 0.100000 0.052083
11 0.936719 0.233333 0.026562 0.029167
13 0.850000 0.228125 0.012500 0.018750
5 0.699219 0.171875 0.026562 0.010417