5 0.042969 0.296253 0.085938 0.063232
5 0.113281 0.295082 0.064062 0.046838
5 0.192188 0.268150 0.053125 0.030445
11 0.114062 0.266979 0.084375 0.056206
5 0.211719 0.291569 0.082812 0.049180
11 0.345313 0.277518 0.071875 0.067916
17 0.407813 0.289227 0.043750 0.039813
11 0.452344 0.276347 0.051562 0.051522
5 0.483594 0.288056 0.060937 0.037471
5 0.546875 0.288056 0.056250 0.032787
17 0.566406 0.272834 0.026562 0.011710
17 0.596094 0.271663 0.023438 0.014052
5 0.614844 0.285714 0.051562 0.028103
14 0.651563 0.286885 0.012500 0.025761
5 0.667969 0.284543 0.029687 0.025761
14 0.692969 0.283372 0.014063 0.023419
9 0.646094 0.270492 0.035937 0.021077
17 0.705469 0.278689 0.014063 0.028103
17 0.717969 0.276347 0.017188 0.028103
17 0.738281 0.279859 0.017188 0.025761
17 0.756250 0.278689 0.018750 0.028103
9 0.703125 0.262295 0.034375 0.014052
4 0.796875 0.270492 0.040625 0.035129
4 0.846875 0.264637 0.025000 0.018735
5 0.734375 0.256440 0.015625 0.007026
5 0.392969 0.450820 0.051562 0.025761
10 0.442969 0.430913 0.014063 0.018735
5 0.423438 0.468384 0.046875 0.023419
10 0.539062 0.430913 0.012500 0.023419
10 0.546094 0.409836 0.010937 0.018735
17 0.565625 0.432084 0.018750 0.021077
5 0.560156 0.455504 0.039062 0.030445
5 0.596875 0.413349 0.015625 0.021077
17 0.686719 0.399297 0.014063 0.016393
5 0.667969 0.409836 0.010937 0.018735
17 0.685156 0.386417 0.014063 0.018735
4 0.689844 0.364169 0.032813 0.035129
10 0.718750 0.343091 0.009375 0.016393
15 0.800781 0.333724 0.010937 0.025761
4 0.136719 0.747073 0.185938 0.159251
4 0.331250 0.598361 0.168750 0.161593
10 0.118750 0.954333 0.056250 0.077283
5 0.203125 0.922717 0.143750 0.140515
10 0.298438 0.954333 0.034375 0.049180
17 0.308594 0.825527 0.067187 0.091335
5 0.408594 0.865340 0.092188 0.119438
5 0.379688 0.770492 0.087500 0.107728
4 0.440625 0.893443 0.256250 0.199063
5 0.537500 0.782201 0.065625 0.074941
5 0.452344 0.694379 0.076563 0.049180
9 0.471094 0.759953 0.082812 0.110070
17 0.542188 0.674473 0.040625 0.065574
17 0.553906 0.723653 0.045312 0.060890
5 0.541406 0.626464 0.054688 0.058548
5 0.617969 0.866511 0.067187 0.131148
5 0.595313 0.670960 0.059375 0.058548
5 0.610156 0.736534 0.064062 0.096019
5 0.579688 0.592506 0.053125 0.051522
17 0.642969 0.639344 0.032813 0.060890
11 0.623437 0.591335 0.059375 0.105386
17 0.788281 0.637002 0.017188 0.046838
17 0.672656 0.508197 0.020313 0.018735
4 0.710938 0.689696 0.134375 0.227166
4 0.714844 0.581967 0.101562 0.142857
11 0.683594 0.549180 0.057813 0.086651
7 0.722656 0.489461 0.035937 0.037471
7 0.791406 0.457845 0.026562 0.030445
7 0.891406 0.432084 0.010937 0.030445
7 0.782813 0.557377 0.031250 0.060890
4 0.817969 0.566745 0.082812 0.131148
4 0.835938 0.463700 0.028125 0.065574
5 0.749219 0.482436 0.023438 0.032787
17 0.803906 0.476581 0.014063 0.025761
17 0.812500 0.491803 0.018750 0.018735
17 0.763281 0.466042 0.017188 0.023419
5 0.657031 0.539813 0.026562 0.039813
18 0.766406 0.436768 0.051562 0.058548
18 0.870313 0.433255 0.031250 0.060890
5 0.805469 0.516393 0.026562 0.030445
17 0.815625 0.412178 0.012500 0.023419
4 0.790625 0.398126 0.046875 0.056206
4 0.895312 0.358314 0.018750 0.042155
5 0.860156 0.384075 0.010937 0.018735
9 0.838281 0.403981 0.020313 0.025761
5 0.918750 0.352459 0.009375 0.016393
5 0.860156 0.361827 0.017188 0.016393
15 0.895312 0.406323 0.018750 0.021077
5 0.904687 0.333724 0.009375 0.011710
5 0.879687 0.347775 0.012500 0.016393
4 0.869531 0.259953 0.020313 0.018735
5 0.763281 0.255269 0.017188 0.009368