13 0.842708 0.634375 0.310417 0.243750
5 0.323958 0.635156 0.389583 0.182812
5 0.560417 0.559375 0.250000 0.078125
10 0.028125 0.585938 0.043750 0.053125
13 0.203125 0.535156 0.068750 0.051562
13 0.103125 0.541406 0.052083 0.064062
13 0.628125 0.534375 0.102083 0.065625
13 0.707292 0.542188 0.052083 0.093750
13 0.157292 0.545312 0.039583 0.078125
5 0.043750 0.556250 0.087500 0.062500
4 0.022917 0.507812 0.045833 0.037500
17 0.486458 0.519531 0.085417 0.023438
5 0.296875 0.536719 0.097917 0.023438
13 0.389583 0.539062 0.083333 0.062500
13 0.263542 0.518750 0.031250 0.028125
13 0.339583 0.515625 0.029167 0.018750
13 0.819792 0.514062 0.056250 0.037500