17 0.085156 0.396714 0.035937 0.061033
13 0.075781 0.342723 0.029687 0.037559
13 0.042969 0.315728 0.032813 0.049296
13 0.103906 0.201878 0.029687 0.046948
13 0.116406 0.183099 0.029687 0.046948
5 0.078125 0.977700 0.059375 0.025822
10 0.040625 0.696009 0.050000 0.044601
15 0.107813 0.120892 0.050000 0.053991
4 0.014844 0.014085 0.029687 0.028169
4 0.054688 0.014085 0.046875 0.028169
4 0.121094 0.035211 0.089063 0.070423
4 0.171094 0.113850 0.092188 0.096244
4 0.187500 0.088028 0.078125 0.091549
4 0.268750 0.124413 0.096875 0.136150
4 0.385156 0.192488 0.129688 0.117371
10 0.371094 0.246479 0.023438 0.032864
11 0.332813 0.223005 0.059375 0.056338
11 0.252344 0.204225 0.073438 0.065728
11 0.193750 0.183099 0.053125 0.061033
17 0.461719 0.178404 0.029687 0.028169
13 0.471094 0.206573 0.035937 0.037559
18 0.525000 0.186620 0.065625 0.044601
17 0.633594 0.234742 0.029687 0.046948
4 0.622656 0.188967 0.104688 0.096244
13 0.696875 0.077465 0.015625 0.032864
17 0.735938 0.099765 0.021875 0.035211
4 0.753906 0.049296 0.054688 0.079812
5 0.760156 0.011737 0.023438 0.023474
4 0.545312 0.253521 0.125000 0.079812
13 0.571875 0.301643 0.034375 0.044601
5 0.438281 0.315728 0.051562 0.035211
13 0.420312 0.350939 0.037500 0.035211
13 0.463281 0.348592 0.042188 0.044601
13 0.453125 0.401408 0.034375 0.056338
13 0.409375 0.394366 0.021875 0.037559
13 0.388281 0.395540 0.020313 0.044601
13 0.380469 0.430751 0.026562 0.058685
13 0.408594 0.428404 0.023438 0.044601
10 0.152344 0.596244 0.045312 0.046948
10 0.202344 0.575117 0.020313 0.061033
10 0.253906 0.802817 0.042188 0.051643
10 0.349219 0.805164 0.042188 0.042254
13 0.212500 0.779343 0.050000 0.098592
3 0.228906 0.707746 0.023438 0.058685
5 0.132031 0.355634 0.048438 0.072770
13 0.174219 0.336854 0.042188 0.049296
10 0.215625 0.323944 0.018750 0.037559
10 0.149219 0.413146 0.026562 0.037559
5 0.300781 0.265258 0.060937 0.061033
4 0.316406 0.465962 0.126562 0.185446
13 0.418750 0.477700 0.031250 0.058685
10 0.446094 0.477700 0.020313 0.039906
17 0.487500 0.449531 0.043750 0.068075
13 0.477344 0.517606 0.042188 0.063380
10 0.506250 0.323944 0.031250 0.042254
15 0.527344 0.433099 0.073438 0.086854
5 0.447656 0.583333 0.079687 0.096244
15 0.369531 0.647887 0.070312 0.107981
13 0.463281 0.663146 0.045312 0.072770
5 0.303906 0.723005 0.060937 0.140845
13 0.301563 0.839202 0.062500 0.063380
13 0.338281 0.880282 0.042188 0.089202
13 0.382031 0.863850 0.048438 0.079812
13 0.360156 0.961268 0.064062 0.058685
13 0.423438 0.916667 0.050000 0.086854
13 0.452344 0.815728 0.054688 0.086854
13 0.514062 0.860329 0.059375 0.077465
13 0.473438 0.962441 0.059375 0.061033
13 0.586719 0.914319 0.057813 0.086854
13 0.619531 0.969484 0.060937 0.046948
4 0.601562 0.838028 0.200000 0.276995
17 0.575781 0.712441 0.054688 0.068075
5 0.595313 0.660798 0.087500 0.100939
5 0.533594 0.526995 0.079687 0.091549
13 0.522656 0.565728 0.048438 0.065728
10 0.539062 0.632629 0.025000 0.058685
17 0.605469 0.580986 0.048438 0.077465
11 0.616406 0.534038 0.098437 0.124413
4 0.824219 0.866197 0.254688 0.253521
13 0.691406 0.676056 0.048438 0.061033
5 0.813281 0.708920 0.092188 0.107981
5 0.844531 0.677230 0.098437 0.119718
13 0.882031 0.799296 0.051562 0.077465
4 0.772656 0.316901 0.098437 0.154930
4 0.862500 0.178404 0.075000 0.150235
4 0.744531 0.183099 0.067187 0.136150
4 0.675781 0.276995 0.098437 0.154930
11 0.721875 0.320423 0.056250 0.086854
4 0.800781 0.196009 0.067187 0.105634
4 0.917188 0.100939 0.046875 0.103286
4 0.816406 0.065728 0.060937 0.098592
4 0.889062 0.036385 0.050000 0.072770