4 0.089063 0.747642 0.178125 0.457547
5 0.493750 0.948113 0.156250 0.089623
5 0.289844 0.871462 0.139063 0.191038
5 0.479687 0.797170 0.121875 0.160377
5 0.199219 0.661557 0.057813 0.143868
5 0.494531 0.670991 0.101562 0.125000
11 0.275000 0.702830 0.100000 0.169811
11 0.304688 0.642689 0.096875 0.129717
11 0.197656 0.553066 0.073438 0.110849
5 0.372656 0.587264 0.082812 0.099057
17 0.478906 0.574292 0.067187 0.087264
4 0.346094 0.465802 0.104688 0.162736
9 0.484375 0.536557 0.078125 0.115566
5 0.471094 0.508255 0.067187 0.082547
11 0.235156 0.477594 0.070312 0.096698
5 0.471094 0.457547 0.060937 0.033019
11 0.254688 0.431604 0.062500 0.084906
17 0.213281 0.399764 0.029687 0.082547
5 0.209375 0.314858 0.034375 0.044811
4 0.282031 0.369104 0.107813 0.158019
19 0.375781 0.378538 0.067187 0.115566
5 0.456250 0.443396 0.056250 0.066038
15 0.460938 0.402123 0.062500 0.063679
4 0.364844 0.310142 0.064062 0.040094
5 0.457031 0.357311 0.048438 0.025943
4 0.296875 0.278302 0.065625 0.028302
11 0.453125 0.266509 0.050000 0.066038
4 0.375000 0.194575 0.037500 0.049528
4 0.408594 0.187500 0.035937 0.040094
9 0.380469 0.239387 0.026562 0.021226
4 0.340625 0.225236 0.040625 0.040094
11 0.859375 0.928066 0.187500 0.129717
9 0.802344 0.775943 0.145313 0.207547
5 0.907031 0.773585 0.139063 0.193396
5 0.964844 0.742925 0.064062 0.160377
5 0.725781 0.691038 0.104688 0.146226
11 0.833594 0.633255 0.129688 0.110849
5 0.931250 0.639151 0.106250 0.099057
5 0.968750 0.560142 0.059375 0.115566
5 0.678906 0.590802 0.089063 0.082547
15 0.784375 0.553066 0.090625 0.110849
5 0.889844 0.579009 0.089063 0.068396
9 0.657031 0.520047 0.092188 0.110849
5 0.732031 0.524764 0.067187 0.091981
5 0.854688 0.538915 0.084375 0.073113
5 0.860938 0.501179 0.084375 0.077830
9 0.714844 0.457547 0.070312 0.075472
15 0.817969 0.451651 0.073438 0.073113
15 0.695312 0.412736 0.050000 0.080189
9 0.795312 0.423349 0.059375 0.091981
5 0.753906 0.398585 0.035937 0.070755
19 0.617188 0.429245 0.043750 0.066038
5 0.628125 0.474057 0.056250 0.042453
5 0.585938 0.400943 0.043750 0.056604
5 0.657813 0.404481 0.034375 0.063679
4 0.656250 0.336085 0.078125 0.115566
4 0.571094 0.320755 0.070312 0.094340
4 0.566406 0.205189 0.039062 0.066038