4 0.685156 0.796875 0.164062 0.393750
5 0.455469 0.925000 0.123438 0.145833
5 0.841406 0.831250 0.157812 0.187500
3 0.878906 0.788542 0.032813 0.068750
3 0.792188 0.701042 0.034375 0.060417
3 0.746094 0.668750 0.020313 0.062500
14 0.736719 0.722917 0.020313 0.054167
3 0.728125 0.676042 0.031250 0.052083
10 0.719531 0.619792 0.032813 0.043750
11 0.473438 0.777083 0.081250 0.137500
20 0.563281 0.759375 0.048438 0.106250
9 0.540625 0.645833 0.059375 0.129167
9 0.482812 0.564583 0.053125 0.091667
4 0.619531 0.578125 0.104688 0.189583
17 0.535156 0.567708 0.032813 0.027083
5 0.663281 0.531250 0.042188 0.054167
1 0.541406 0.518750 0.039062 0.083333
17 0.505469 0.509375 0.023438 0.043750
9 0.503906 0.473958 0.029687 0.039583
5 0.642969 0.484375 0.035937 0.039583
5 0.553125 0.468750 0.028125 0.025000
9 0.609375 0.462500 0.040625 0.045833
5 0.586719 0.457292 0.023438 0.031250
5 0.677344 0.470833 0.039062 0.037500
5 0.712500 0.448958 0.034375 0.031250
11 0.521094 0.450000 0.029687 0.050000
19 0.553906 0.440625 0.023438 0.031250
4 0.656250 0.420833 0.075000 0.062500
4 0.591406 0.415625 0.039062 0.056250
9 0.535156 0.420833 0.020313 0.025000
4 0.574219 0.388542 0.026562 0.027083
5 0.528125 0.414583 0.015625 0.016667
4 0.540625 0.330208 0.009375 0.010417
4 0.614844 0.383333 0.039062 0.012500
4 0.517969 0.346875 0.014063 0.018750
5 0.150781 0.928125 0.201563 0.139583
5 0.123438 0.823958 0.165625 0.156250
19 0.150781 0.690625 0.139063 0.135417
5 0.322656 0.692708 0.085938 0.102083
5 0.296875 0.627083 0.087500 0.075000
5 0.253125 0.603125 0.087500 0.068750
5 0.383594 0.584375 0.057813 0.056250
5 0.364063 0.552083 0.056250 0.045833
5 0.315625 0.540625 0.062500 0.047917
4 0.104688 0.546875 0.209375 0.160417
19 0.353906 0.492708 0.051562 0.047917
17 0.301563 0.515625 0.034375 0.043750
17 0.240625 0.559375 0.037500 0.047917
3 0.183594 0.593750 0.023438 0.033333
5 0.379688 0.513542 0.046875 0.039583
9 0.435156 0.488542 0.035937 0.043750
5 0.406250 0.484375 0.034375 0.031250
19 0.417969 0.453125 0.035937 0.031250
5 0.458594 0.447917 0.023438 0.025000
4 0.419531 0.421875 0.048438 0.043750
4 0.391406 0.411458 0.039062 0.027083
4 0.409375 0.390625 0.025000 0.014583
17 0.460938 0.423958 0.015625 0.018750
5 0.451562 0.407292 0.012500 0.018750
5 0.467187 0.416667 0.015625 0.016667
5 0.475781 0.400000 0.014063 0.012500
9 0.471875 0.388542 0.012500 0.018750
5 0.464062 0.380208 0.009375 0.010417
10 0.448437 0.388542 0.003125 0.006250
5 0.430469 0.377083 0.014063 0.012500