9 0.263975 0.798438 0.233954 0.137500
13 0.077640 0.714063 0.101449 0.059375
13 0.064182 0.771094 0.086957 0.073438
5 0.220497 0.639844 0.105590 0.048438
10 0.335404 0.708594 0.057971 0.032813
13 0.412008 0.639062 0.053830 0.046875
13 0.281573 0.646094 0.049689 0.045312
9 0.333333 0.589844 0.120083 0.035937
11 0.267081 0.605469 0.140787 0.039062
9 0.548654 0.616406 0.082816 0.048438
13 0.446170 0.592187 0.031056 0.034375
13 0.480331 0.587500 0.028986 0.034375
5 0.446170 0.562500 0.080745 0.021875
10 0.129400 0.628906 0.039337 0.026562
5 0.637681 0.576562 0.049689 0.028125
5 0.596273 0.563281 0.049689 0.023438
5 0.668737 0.547656 0.037267 0.020313
13 0.642857 0.526563 0.014493 0.018750
10 0.767081 0.516406 0.006211 0.010937
5 0.801242 0.505469 0.016563 0.007812
5 0.774327 0.503125 0.016563 0.009375
9 0.919255 0.539844 0.070393 0.014063
9 0.957557 0.560937 0.076605 0.015625
4 0.814700 0.593750 0.076605 0.084375
10 0.791925 0.835156 0.039337 0.070312
13 0.830228 0.539062 0.016563 0.018750
3 0.804348 0.544531 0.006211 0.007812
5 0.893375 0.569531 0.047619 0.026562
17 0.870600 0.589844 0.031056 0.039062