13 0.174219 0.643026 0.232813 0.297872
13 0.050000 0.541371 0.056250 0.075650
13 0.550000 0.536643 0.037500 0.085106
5 0.828125 0.580378 0.090625 0.092199
16 0.675781 0.549645 0.089063 0.078014
16 0.766406 0.555556 0.051562 0.075650
9 0.791406 0.529551 0.101562 0.080378
15 0.972656 0.620567 0.048438 0.153664
5 0.455469 0.536643 0.070312 0.047281
5 0.417187 0.529551 0.040625 0.033097
4 0.674219 0.496454 0.064062 0.023641
13 0.244531 0.521277 0.039062 0.040189
13 0.175781 0.520095 0.023438 0.037825