11 0.618750 0.804469 0.109375 0.201117
9 0.547656 0.622905 0.060937 0.106145
17 0.636719 0.671788 0.051562 0.120112
5 0.552344 0.484637 0.029687 0.075419
10 0.643750 0.561453 0.025000 0.083799
10 0.604688 0.470670 0.012500 0.041899
10 0.579688 0.396648 0.009375 0.039106
14 0.597656 0.437151 0.014063 0.036313
10 0.605469 0.409218 0.010937 0.041899
17 0.603125 0.358939 0.012500 0.030726
19 0.713281 0.581006 0.039062 0.039106
17 0.735938 0.555866 0.021875 0.039106
17 0.678906 0.523743 0.014063 0.036313
15 0.425781 0.938547 0.092188 0.106145
17 0.427344 0.801676 0.057813 0.156425
17 0.300000 0.938547 0.062500 0.106145
17 0.177344 0.945531 0.076563 0.086592
17 0.346094 0.551676 0.035937 0.053073
17 0.400781 0.533520 0.029687 0.050279
11 0.208594 0.826816 0.101562 0.189944
17 0.243750 0.712291 0.056250 0.094972
5 0.325000 0.846369 0.078125 0.150838
5 0.332813 0.726257 0.068750 0.111732
5 0.417187 0.720670 0.059375 0.134078
5 0.358594 0.635475 0.057813 0.097765
9 0.423438 0.615922 0.056250 0.097765
15 0.457031 0.512570 0.048438 0.069832
5 0.313281 0.604749 0.064062 0.081006
5 0.275781 0.680168 0.067187 0.097765
17 0.376563 0.560056 0.034375 0.053073
19 0.446875 0.459497 0.034375 0.041899
5 0.420312 0.509777 0.028125 0.041899
5 0.498437 0.444134 0.028125 0.044693
10 0.576562 0.351955 0.003125 0.016760
17 0.780469 0.519553 0.014063 0.027933
17 0.763281 0.509777 0.014063 0.025140