17 0.747045 0.790625 0.165485 0.187500
17 0.656028 0.605469 0.082742 0.085938
17 0.438534 0.599219 0.082742 0.073438
17 0.243499 0.901563 0.222222 0.193750
5 0.362884 0.696875 0.177305 0.134375
4 0.609929 0.507812 0.118203 0.106250
5 0.113475 0.825781 0.226950 0.232813
9 0.223404 0.617188 0.144208 0.115625
9 0.531915 0.617188 0.122931 0.128125
19 0.482270 0.818750 0.241135 0.312500
5 0.360520 0.587500 0.106383 0.075000
11 0.479905 0.500781 0.075650 0.070312
5 0.375887 0.527344 0.089835 0.054688
5 0.052009 0.607031 0.104019 0.073438
10 0.015366 0.549219 0.030733 0.045312
17 0.035461 0.501563 0.052009 0.034375
5 0.172577 0.514062 0.056738 0.034375
9 0.249409 0.486719 0.049645 0.039062
17 0.539007 0.489844 0.033097 0.042188
4 0.477541 0.436719 0.037825 0.035937
5 0.368794 0.478125 0.047281 0.031250
10 0.199764 0.474219 0.026005 0.026562