4 0.391406 0.579387 0.120313 0.250696
9 0.378125 0.871866 0.118750 0.239554
5 0.053906 0.816156 0.107813 0.172702
4 0.329688 0.520891 0.128125 0.267409
4 0.444531 0.302228 0.054688 0.075209
4 0.437500 0.385794 0.062500 0.091922
13 0.150781 0.934540 0.076563 0.114206
13 0.166406 0.871866 0.076563 0.133705
13 0.228906 0.871866 0.064062 0.178273
13 0.166406 0.685237 0.048438 0.077994
13 0.177344 0.628134 0.042188 0.069638
19 0.721094 0.892758 0.117188 0.192201
15 0.652344 0.824513 0.117188 0.245125
5 0.254688 0.647632 0.075000 0.086351
8 0.585938 0.476323 0.090625 0.178273
5 0.924219 0.756267 0.110937 0.119777
5 0.174219 0.509749 0.057813 0.055710
17 0.096094 0.655989 0.064062 0.136490
5 0.047656 0.703343 0.089063 0.041783
13 0.084375 0.423398 0.021875 0.038997
5 0.607812 0.660167 0.078125 0.072423
13 0.592969 0.732591 0.051562 0.178273
13 0.874219 0.916435 0.060937 0.133705
13 0.785156 0.831476 0.054688 0.158774
13 0.778125 0.752089 0.059375 0.083565
13 0.845313 0.786908 0.065625 0.136490
7 0.722656 0.583565 0.101562 0.136490
13 0.975781 0.678273 0.042188 0.086351
13 0.814844 0.671309 0.048438 0.072423
5 0.102344 0.490251 0.060937 0.044568
15 0.150781 0.461003 0.060937 0.047354
17 0.235937 0.583565 0.050000 0.064067
5 0.259375 0.341226 0.040625 0.030641
13 0.257031 0.427577 0.023438 0.058496
13 0.220312 0.435933 0.025000 0.052925
9 0.026562 0.612813 0.053125 0.105850
19 0.364844 0.370474 0.082812 0.044568
13 0.765625 0.509749 0.028125 0.061281
13 0.914062 0.662953 0.046875 0.050139
19 0.958594 0.947075 0.076563 0.089136