10 0.490644 0.793750 0.041580 0.090625
10 0.494802 0.613281 0.029106 0.039062
10 0.156965 0.716406 0.047817 0.070312
5 0.279626 0.816406 0.160083 0.135937
19 0.435551 0.628125 0.064449 0.065625
10 0.745322 0.662500 0.064449 0.028125
10 0.867983 0.742188 0.051975 0.059375
5 0.702703 0.867188 0.153846 0.153125
5 0.843035 0.816406 0.160083 0.145313
5 0.653846 0.631250 0.047817 0.050000
15 0.336798 0.591406 0.054054 0.039062
15 0.271310 0.593750 0.064449 0.037500
15 0.231809 0.659375 0.106029 0.075000
15 0.455301 0.578125 0.041580 0.031250
5 0.569647 0.589063 0.041580 0.034375
4 0.051975 0.716406 0.103950 0.135937