17 0.484375 0.599162 0.103125 0.187151
17 0.460938 0.776536 0.112500 0.156425
17 0.652344 0.899441 0.117188 0.184358
17 0.895312 0.833799 0.103125 0.092179
17 0.714844 0.590782 0.079687 0.181564
17 0.961719 0.456704 0.070312 0.108939
17 0.706250 0.958101 0.125000 0.067039
17 0.578906 0.409218 0.054688 0.047486
17 0.578125 0.365922 0.050000 0.039106
17 0.748437 0.465084 0.050000 0.103352
17 0.848437 0.465084 0.046875 0.108939
17 0.811719 0.656425 0.085938 0.106145
17 0.836719 0.613128 0.079687 0.103352
17 0.915625 0.571229 0.075000 0.175978
10 0.979688 0.798883 0.037500 0.229050
10 0.878906 0.462291 0.026562 0.103352
4 0.821875 0.287709 0.087500 0.167598
15 0.315625 0.857542 0.165625 0.268156
5 0.653906 0.712291 0.135937 0.178771
15 0.789844 0.824022 0.135937 0.251397
5 0.454688 0.917598 0.165625 0.148045
5 0.518750 0.779330 0.121875 0.234637
5 0.880469 0.740223 0.126562 0.150838
5 0.595313 0.636872 0.121875 0.178771
17 0.675781 0.476257 0.070312 0.069832
4 0.786719 0.134078 0.123438 0.167598
11 0.884375 0.298883 0.046875 0.150838
11 0.500781 0.332402 0.076563 0.173184
4 0.664062 0.171788 0.065625 0.131285
11 0.717969 0.229050 0.082812 0.134078
4 0.535156 0.136872 0.082812 0.100559
11 0.546875 0.240223 0.081250 0.128492
17 0.552344 0.300279 0.032813 0.103352
17 0.542188 0.324022 0.015625 0.089385
5 0.608594 0.326816 0.051562 0.100559
17 0.732031 0.356145 0.064062 0.092179
17 0.161719 0.498603 0.054688 0.086592
4 0.065625 0.310056 0.096875 0.122905
4 0.132812 0.135475 0.068750 0.164804
4 0.066406 0.162011 0.073438 0.106145
4 0.242969 0.215084 0.073438 0.083799
17 0.545312 0.467877 0.059375 0.064246
5 0.392969 0.560056 0.098437 0.131285
5 0.372656 0.607542 0.117188 0.153631
15 0.352344 0.668994 0.132812 0.136872
4 0.553906 0.037709 0.054688 0.075419
4 0.610156 0.164804 0.042188 0.122905