5 0.240625 0.726562 0.277083 0.200000
13 0.576042 0.591406 0.089583 0.060937
5 0.633333 0.589063 0.050000 0.046875
13 0.695833 0.592969 0.066667 0.064062
13 0.728125 0.574219 0.081250 0.035937
13 0.920833 0.585156 0.120833 0.060937
13 0.519792 0.572656 0.031250 0.042188
13 0.060417 0.564844 0.020833 0.023438
5 0.078125 0.560156 0.018750 0.014063
13 0.398958 0.586719 0.039583 0.054688
13 0.334375 0.578906 0.035417 0.045312
5 0.269792 0.575781 0.060417 0.026562
13 0.444792 0.564063 0.022917 0.028125
5 0.234375 0.567969 0.039583 0.023438
13 0.288542 0.556250 0.014583 0.018750
5 0.233333 0.550781 0.020833 0.010937
4 0.250000 0.540625 0.016667 0.006250
5 0.342708 0.553906 0.018750 0.010937
13 0.269792 0.553906 0.018750 0.014063
5 0.303125 0.550000 0.014583 0.009375