4 0.481250 0.903125 0.287500 0.185417
4 0.846875 0.867708 0.300000 0.256250
4 0.809375 0.679167 0.325000 0.283333
4 0.632812 0.742708 0.209375 0.385417
4 0.470313 0.681250 0.118750 0.254167
4 0.632812 0.523958 0.137500 0.089583
4 0.514844 0.508333 0.092188 0.104167
4 0.434375 0.563542 0.090625 0.122917
4 0.392969 0.513542 0.114062 0.110417
4 0.422656 0.457292 0.114062 0.060417
4 0.340625 0.471875 0.090625 0.102083
4 0.063281 0.728125 0.126562 0.081250
4 0.167969 0.640625 0.135937 0.222917
4 0.186719 0.498958 0.060937 0.064583
4 0.163281 0.421875 0.032813 0.052083
4 0.281250 0.451042 0.028125 0.072917
4 0.302344 0.395833 0.051562 0.037500
4 0.258594 0.428125 0.029687 0.052083
4 0.234375 0.418750 0.015625 0.037500
4 0.250000 0.380208 0.034375 0.027083
5 0.066406 0.643750 0.067187 0.079167
5 0.123438 0.544792 0.050000 0.052083
5 0.281250 0.536458 0.056250 0.052083
5 0.717187 0.523958 0.043750 0.031250
15 0.777344 0.480208 0.035937 0.047917
17 0.318750 0.581250 0.062500 0.066667
9 0.150000 0.490625 0.028125 0.043750
17 0.134375 0.465625 0.021875 0.035417
17 0.132031 0.440625 0.017188 0.014583
5 0.188281 0.437500 0.026562 0.020833