11 0.077344 0.647887 0.148438 0.173709
11 0.178125 0.626761 0.050000 0.075117
11 0.267969 0.610329 0.042188 0.065728
11 0.509375 0.663146 0.046875 0.077465
11 0.333594 0.593897 0.082812 0.037559
18 0.369531 0.568075 0.092188 0.032864
13 0.317969 0.629108 0.020313 0.046948
11 0.526563 0.603286 0.028125 0.046948
5 0.495312 0.603286 0.025000 0.032864
4 0.642188 0.593897 0.050000 0.075117
18 0.564063 0.572770 0.031250 0.032864
18 0.712500 0.586854 0.025000 0.032864
11 0.799219 0.612676 0.051562 0.032864
4 0.502344 0.550469 0.026562 0.030516
7 0.462500 0.572770 0.015625 0.028169
3 0.351562 0.637324 0.012500 0.021127