13 0.976562 0.921875 0.043750 0.102083
13 0.910937 0.922917 0.056250 0.125000
13 0.955469 0.842708 0.054688 0.060417
13 0.917969 0.792708 0.035937 0.047917
13 0.888281 0.836458 0.039062 0.064583
13 0.851562 0.796875 0.043750 0.093750
13 0.865625 0.725000 0.031250 0.054167
13 0.810937 0.754167 0.040625 0.075000
13 0.827344 0.701042 0.035937 0.035417
13 0.767969 0.703125 0.032813 0.064583
13 0.749219 0.652083 0.023438 0.033333
13 0.724219 0.766667 0.067187 0.075000
13 0.667969 0.758333 0.048438 0.087500
13 0.638281 0.718750 0.023438 0.062500
13 0.589844 0.682292 0.026562 0.064583
13 0.617188 0.673958 0.025000 0.064583
13 0.667969 0.653125 0.023438 0.047917
13 0.642969 0.657292 0.023438 0.052083
13 0.610156 0.621875 0.020313 0.043750
13 0.641406 0.610417 0.020313 0.041667
13 0.635938 0.583333 0.015625 0.012500
13 0.578906 0.613542 0.020313 0.039583
13 0.601562 0.587500 0.015625 0.029167
13 0.589844 0.565625 0.010937 0.027083
13 0.580469 0.558333 0.010937 0.025000
13 0.594531 0.547917 0.010937 0.012500
13 0.581250 0.536458 0.009375 0.014583
13 0.595313 0.533333 0.009375 0.012500
13 0.107813 0.819792 0.059375 0.085417
13 0.353906 0.678125 0.026562 0.052083
13 0.328125 0.670833 0.025000 0.054167
13 0.383594 0.631250 0.020313 0.020833
13 0.403125 0.595833 0.012500 0.029167
13 0.390625 0.587500 0.012500 0.020833
13 0.428125 0.570833 0.006250 0.012500
13 0.419531 0.570833 0.007812 0.012500
15 0.114062 0.750000 0.109375 0.058333
15 0.232813 0.701042 0.075000 0.064583
15 0.293750 0.667708 0.040625 0.052083
5 0.335156 0.630208 0.023438 0.031250
5 0.401562 0.658333 0.037500 0.037500
5 0.392188 0.707292 0.031250 0.056250
5 0.333594 0.762500 0.057813 0.075000
5 0.278125 0.871875 0.109375 0.118750
5 0.375781 0.612500 0.032813 0.012500
17 0.567969 0.578125 0.014063 0.031250
4 0.546875 0.585417 0.031250 0.062500
4 0.460938 0.605208 0.050000 0.068750
7 0.546094 0.662500 0.032813 0.070833
17 0.567969 0.517708 0.007812 0.014583
20 0.751563 0.842708 0.056250 0.085417