11 0.042969 0.609155 0.085938 0.194836
15 0.141406 0.349765 0.067187 0.056338
15 0.202344 0.318075 0.048438 0.025822
17 0.213281 0.356808 0.032813 0.046948
17 0.257031 0.348592 0.032813 0.053991
5 0.401562 0.291080 0.031250 0.037559
17 0.453906 0.204225 0.010937 0.018779
10 0.471875 0.212441 0.006250 0.016432
17 0.502344 0.176056 0.004687 0.009390
17 0.492969 0.176056 0.001563 0.009390
16 0.102344 0.893192 0.204687 0.199531
9 0.255469 0.666667 0.135937 0.225352
5 0.341406 0.579812 0.073438 0.122066
9 0.360938 0.482394 0.078125 0.105634
5 0.408594 0.455399 0.026562 0.079812
15 0.410938 0.392019 0.050000 0.046948
5 0.435156 0.362676 0.039062 0.025822
19 0.446094 0.330986 0.042188 0.046948
19 0.477344 0.315728 0.020313 0.053991
5 0.479687 0.284038 0.025000 0.014085
15 0.489063 0.265258 0.025000 0.028169
5 0.510938 0.261737 0.006250 0.025822
19 0.515625 0.218310 0.018750 0.014085
19 0.521094 0.206573 0.014063 0.009390
19 0.338281 0.940141 0.179688 0.105634
9 0.400781 0.784038 0.148438 0.230047
5 0.423438 0.636150 0.100000 0.075117
5 0.448437 0.557512 0.078125 0.086854
5 0.444531 0.491784 0.060937 0.053991
5 0.481250 0.433099 0.053125 0.063380
5 0.503125 0.386150 0.040625 0.039906
5 0.489844 0.350939 0.042188 0.025822
5 0.519531 0.341549 0.029687 0.039906
19 0.517188 0.303991 0.034375 0.025822
9 0.531250 0.278169 0.021875 0.025822
5 0.527344 0.254695 0.017188 0.011737
4 0.535156 0.218310 0.004687 0.037559
4 0.566406 0.186620 0.017188 0.016432
4 0.588281 0.191315 0.020313 0.021127
4 0.560156 0.234742 0.042188 0.028169
4 0.583594 0.166667 0.007812 0.009390
4 0.569531 0.165493 0.007812 0.007042
4 0.600781 0.237089 0.035937 0.042254
4 0.574219 0.271127 0.042188 0.035211
4 0.582031 0.208920 0.020313 0.014085
4 0.574219 0.322770 0.054688 0.068075
4 0.610938 0.285211 0.018750 0.049296
4 0.646094 0.299296 0.051562 0.044601
4 0.664062 0.376761 0.084375 0.072770
4 0.728906 0.496479 0.104688 0.166667
19 0.814844 0.462441 0.070312 0.075117
17 0.804688 0.559859 0.040625 0.119718
17 0.865625 0.537559 0.050000 0.061033
17 0.860938 0.597418 0.068750 0.049296
17 0.825781 0.667840 0.079687 0.096244
17 0.916406 0.671362 0.085938 0.112676
17 0.869531 0.769953 0.114062 0.098592
17 0.897656 0.893192 0.114062 0.157277
17 0.918750 0.984742 0.112500 0.016432
17 0.725781 0.760563 0.082812 0.107981
17 0.724219 0.846244 0.085938 0.058685
9 0.947656 0.548122 0.089063 0.115023
5 0.882812 0.491784 0.059375 0.030516
15 0.700781 0.644366 0.095312 0.129108
15 0.567969 0.396714 0.057813 0.061033
10 0.574219 0.443662 0.023438 0.023474
16 0.605469 0.450704 0.045312 0.028169
11 0.599219 0.494131 0.057813 0.030516
11 0.626563 0.538732 0.012500 0.053991
15 0.586719 0.585681 0.073438 0.157277
5 0.526563 0.519953 0.062500 0.105634
5 0.582031 0.718310 0.104688 0.093897
19 0.569531 0.832160 0.129688 0.129108
17 0.659375 0.489437 0.031250 0.096244
4 0.722656 0.944836 0.276562 0.096244