8 0.703125 0.755869 0.353125 0.431925
8 0.327344 0.647887 0.395313 0.333333
8 0.221094 0.363850 0.292187 0.319249
17 0.217188 0.901408 0.153125 0.178404
17 0.052344 0.816901 0.104688 0.131455
17 0.542969 0.970657 0.114062 0.039906
17 0.376563 0.944836 0.150000 0.091549
13 0.047656 0.683099 0.079687 0.164319
5 0.127344 0.515258 0.095312 0.091549
13 0.061719 0.468310 0.051562 0.194836
13 0.017188 0.468310 0.031250 0.143192
13 0.961719 0.703052 0.060937 0.082160
13 0.934375 0.638498 0.056250 0.051643
13 0.775000 0.538732 0.062500 0.105634
13 0.721094 0.496479 0.045312 0.147887
17 0.681250 0.456573 0.053125 0.143192
17 0.603906 0.475352 0.114062 0.063380
17 0.476562 0.441315 0.109375 0.079812
17 0.564844 0.397887 0.095312 0.072770
17 0.465625 0.251174 0.087500 0.112676
17 0.616406 0.246479 0.095312 0.117371
17 0.384375 0.180751 0.065625 0.056338
17 0.277344 0.071596 0.032813 0.068075
17 0.114844 0.147887 0.057813 0.084507
17 0.046094 0.118545 0.070312 0.082160
17 0.042969 0.051643 0.070312 0.037559
17 0.235937 0.045775 0.034375 0.021127
17 0.027344 0.012911 0.026562 0.025822
17 0.802344 0.198357 0.026562 0.044601
17 0.844531 0.158451 0.070312 0.044601
17 0.872656 0.411972 0.076563 0.096244
13 0.063281 0.015258 0.029687 0.030516
13 0.129688 0.061033 0.034375 0.061033
13 0.144531 0.019953 0.032813 0.035211
13 0.286719 0.018779 0.042188 0.032864
13 0.244531 0.095070 0.042188 0.053991
13 0.265625 0.142019 0.040625 0.044601
13 0.267969 0.176056 0.023438 0.028169
13 0.148438 0.096244 0.015625 0.075117
13 0.190625 0.068075 0.034375 0.051643
13 0.190625 0.144366 0.021875 0.063380
13 0.775000 0.389671 0.053125 0.154930
13 0.459375 0.116197 0.040625 0.058685
13 0.485156 0.164319 0.039062 0.056338
13 0.322656 0.213615 0.032813 0.084507
13 0.283594 0.258216 0.035937 0.042254
13 0.364844 0.244131 0.042188 0.075117
13 0.478125 0.342723 0.046875 0.079812
13 0.527344 0.327465 0.029687 0.100939
13 0.407031 0.415493 0.039062 0.098592
10 0.870313 0.649061 0.062500 0.129108
13 0.611719 0.353286 0.051562 0.072770
4 0.067187 0.927230 0.134375 0.131455
16 0.974219 0.208920 0.045312 0.150235
15 0.709375 0.281690 0.153125 0.187793
5 0.776563 0.126761 0.150000 0.126761
5 0.889062 0.045775 0.131250 0.091549
9 0.839063 0.281690 0.150000 0.140845
13 0.098437 0.181925 0.037500 0.068075
5 0.371094 0.119718 0.117188 0.079812
20 0.922656 0.174883 0.064062 0.100939