5 0.710156 0.913433 0.142187 0.161194
5 0.905469 0.961194 0.107813 0.065672
5 0.863281 0.844776 0.142187 0.161194
5 0.639062 0.773134 0.112500 0.232836
5 0.938281 0.689552 0.114062 0.119403
5 0.815625 0.713433 0.112500 0.137313
5 0.596094 0.614925 0.079687 0.077612
5 0.619531 0.540299 0.079687 0.053731
5 0.694531 0.558209 0.054688 0.149254
5 0.571875 0.483582 0.075000 0.065672
5 0.561719 0.425373 0.054688 0.050746
5 0.552344 0.382090 0.048438 0.035821
5 0.547656 0.349254 0.035937 0.029851
5 0.857031 0.492537 0.042188 0.083582
5 0.864062 0.594030 0.068750 0.107463
5 0.194531 0.752239 0.114062 0.161194
5 0.288281 0.638806 0.085938 0.131343
5 0.156250 0.582090 0.043750 0.071642
5 0.246094 0.513433 0.051562 0.095522
5 0.597656 0.380597 0.023438 0.074627
5 0.022656 0.950746 0.045312 0.086567
5 0.399219 0.668657 0.101562 0.077612
5 0.390625 0.319403 0.025000 0.065672
5 0.346094 0.280597 0.020313 0.041791
5 0.321094 0.314925 0.026562 0.038806
5 0.294531 0.361194 0.039062 0.047761
5 0.379688 0.253731 0.018750 0.029851
5 0.419531 0.252239 0.029687 0.032836
5 0.289062 0.253731 0.025000 0.023881
5 0.332813 0.467164 0.056250 0.044776
5 0.339062 0.397015 0.031250 0.065672
5 0.332031 0.962687 0.164062 0.062687
5 0.555469 0.234328 0.023438 0.020896
5 0.316406 0.261194 0.026562 0.014925
5 0.446094 0.237313 0.017188 0.026866
5 0.905469 0.414925 0.070312 0.053731
9 0.955469 0.543284 0.079687 0.143284
9 0.778906 0.571642 0.101562 0.146269
9 0.784375 0.368657 0.040625 0.122388
17 0.829688 0.413433 0.043750 0.062687
17 0.734375 0.452239 0.034375 0.068657
17 0.633594 0.380597 0.035937 0.026866
17 0.560156 0.298507 0.032813 0.029851
17 0.034375 0.797015 0.068750 0.214925
17 0.601562 0.332836 0.034375 0.014925
11 0.546875 0.198507 0.025000 0.044776
11 0.057813 0.468657 0.075000 0.149254
10 0.216406 0.628358 0.042188 0.080597
10 0.542969 0.644776 0.023438 0.107463
10 0.862500 0.411940 0.018750 0.047761
11 0.351562 0.816418 0.143750 0.223881
10 0.216406 0.317910 0.017188 0.020896
10 0.232813 0.308955 0.006250 0.032836
9 0.257812 0.297015 0.037500 0.056716
4 0.238281 0.237313 0.051562 0.074627
4 0.317969 0.198507 0.051562 0.086567
4 0.372656 0.191045 0.051562 0.065672
4 0.093750 0.340299 0.134375 0.101493
8 0.191406 0.389552 0.095312 0.116418
15 0.278125 0.420896 0.075000 0.065672
15 0.146875 0.492537 0.096875 0.077612
15 0.426563 0.352239 0.046875 0.047761
9 0.440625 0.286567 0.037500 0.029851
15 0.394531 0.402985 0.070312 0.053731
9 0.396094 0.477612 0.067187 0.059701
9 0.401562 0.568657 0.084375 0.116418
9 0.101562 0.692537 0.059375 0.202985
4 0.602344 0.241791 0.064062 0.089552
4 0.691406 0.301493 0.104688 0.137313
4 0.767188 0.261194 0.034375 0.062687
4 0.690625 0.210448 0.059375 0.050746
4 0.644531 0.180597 0.026562 0.056716
4 0.614062 0.167164 0.031250 0.053731
4 0.572656 0.165672 0.026562 0.044776
4 0.593750 0.161194 0.009375 0.053731
19 0.674219 0.438806 0.076563 0.095522
9 0.452344 0.191045 0.020313 0.029851
10 0.462500 0.228358 0.009375 0.026866
5 0.149219 0.910448 0.179688 0.167164