17 0.886719 0.877336 0.085938 0.147196
17 0.356250 0.557243 0.015625 0.030374
5 0.217969 0.872664 0.117188 0.137850
5 0.664062 0.782710 0.081250 0.107477
5 0.658594 0.675234 0.051562 0.060748
5 0.367188 0.648364 0.043750 0.049065
5 0.420312 0.593458 0.028125 0.037383
5 0.482031 0.528037 0.017188 0.018692
5 0.400781 0.540888 0.020313 0.021028
5 0.552344 0.596963 0.023438 0.049065
5 0.411719 0.507009 0.014063 0.014019
5 0.471875 0.487150 0.009375 0.011682
16 0.401562 0.522196 0.015625 0.011682
10 0.380469 0.601636 0.010937 0.039720
9 0.173437 0.700935 0.071875 0.084112
5 0.057031 0.655374 0.067187 0.049065
5 0.102344 0.627336 0.042188 0.039720
5 0.236719 0.568925 0.029687 0.030374
5 0.262500 0.564252 0.015625 0.025701
5 0.235937 0.544393 0.031250 0.014019
13 0.052344 0.716121 0.035937 0.063084
13 0.019531 0.733645 0.029687 0.065421
9 0.380469 0.759346 0.067187 0.112150
10 0.530469 0.515187 0.007812 0.016355
10 0.546094 0.514019 0.004687 0.018692
11 0.435156 0.539720 0.020313 0.028037
4 0.508594 0.605140 0.060937 0.126168
4 0.429688 0.511682 0.018750 0.023364
4 0.435937 0.491822 0.018750 0.016355
4 0.475781 0.467290 0.007812 0.014019
18 0.489063 0.491822 0.015625 0.030374
13 0.166406 0.639019 0.020313 0.053738
13 0.084375 0.686916 0.028125 0.060748