7 0.128906 0.714118 0.139063 0.157647
13 0.100000 0.597647 0.065625 0.075294
13 0.158594 0.550588 0.048438 0.080000
13 0.294531 0.522353 0.035937 0.075294
13 0.328125 0.489412 0.028125 0.065882
13 0.219531 0.410588 0.023438 0.040000
13 0.437500 0.358824 0.009375 0.016471
13 0.421094 0.367059 0.014063 0.023529
3 0.182812 0.423529 0.015625 0.023529
13 0.233594 0.461176 0.023438 0.037647
13 0.223438 0.496471 0.025000 0.056471
13 0.200000 0.505882 0.028125 0.056471
13 0.397656 0.376471 0.023438 0.028235
15 0.507031 0.607059 0.073438 0.127059
16 0.644531 0.643529 0.070312 0.124706
5 0.634375 0.437647 0.034375 0.051765
3 0.563281 0.425882 0.029687 0.028235
17 0.907813 0.735294 0.081250 0.162353
4 0.790625 0.688235 0.156250 0.350588
5 0.573438 0.363529 0.021875 0.025882
11 0.624219 0.347059 0.017188 0.025882
13 0.626563 0.322353 0.009375 0.004706
4 0.607031 0.316471 0.014063 0.025882
15 0.596094 0.347059 0.017188 0.021176
15 0.589063 0.329412 0.015625 0.009412
17 0.589063 0.298824 0.006250 0.009412
17 0.600781 0.295294 0.004687 0.007059
4 0.546875 0.320000 0.018750 0.014118
4 0.558594 0.295294 0.010937 0.016471
13 0.517188 0.327059 0.006250 0.014118
13 0.503125 0.331765 0.009375 0.014118
10 0.635156 0.341176 0.004687 0.014118