2 0.940625 0.881176 0.112500 0.218824
9 0.361719 0.855294 0.114062 0.261176
5 0.260156 0.667059 0.092188 0.143529
17 0.100781 0.614118 0.070312 0.117647
17 0.190625 0.595294 0.062500 0.112941
16 0.369531 0.594118 0.060937 0.105882
17 0.924219 0.691765 0.107813 0.141176
10 0.817969 0.807059 0.042188 0.108235
4 0.655469 0.694118 0.285938 0.527059
5 0.765625 0.601176 0.103125 0.124706
3 0.775000 0.530588 0.040625 0.054118
4 0.631250 0.391765 0.093750 0.129412
4 0.564063 0.383529 0.065625 0.094118
17 0.492188 0.465882 0.034375 0.080000
9 0.392188 0.491765 0.046875 0.089412
17 0.317969 0.510588 0.051562 0.094118
17 0.184375 0.482353 0.043750 0.070588
17 0.172656 0.444706 0.035937 0.061176
17 0.300781 0.470588 0.032813 0.070588
5 0.257812 0.452941 0.056250 0.063529
5 0.242188 0.416471 0.053125 0.056471
5 0.207813 0.397647 0.037500 0.042353
5 0.481250 0.405882 0.028125 0.040000
15 0.387500 0.422353 0.037500 0.049412
17 0.335156 0.429412 0.032813 0.068235
17 0.306250 0.411765 0.028125 0.042353
5 0.474219 0.362353 0.035937 0.042353
4 0.346094 0.356471 0.051562 0.077647
4 0.286719 0.334118 0.057813 0.070588
5 0.245312 0.350588 0.025000 0.032941
5 0.389844 0.362353 0.032813 0.042353
5 0.385156 0.330588 0.026562 0.025882
4 0.317969 0.272941 0.042188 0.051765
4 0.566406 0.261176 0.060937 0.037647
5 0.385156 0.309412 0.020313 0.016471