17 0.882031 0.914244 0.101562 0.154070
17 0.096875 0.726744 0.084375 0.127907
17 0.196875 0.575581 0.043750 0.081395
17 0.221875 0.513081 0.021875 0.055233
17 0.357031 0.537791 0.035937 0.075581
17 0.329688 0.498547 0.025000 0.061047
17 0.320312 0.456395 0.021875 0.029070
17 0.372656 0.453488 0.026562 0.046512
17 0.450781 0.446221 0.020313 0.049419
17 0.434375 0.434593 0.012500 0.043605
17 0.757031 0.738372 0.051562 0.145349
17 0.817187 0.688953 0.040625 0.081395
17 0.785156 0.620640 0.051562 0.043605
17 0.612500 0.767442 0.034375 0.098837
14 0.550000 0.582849 0.021875 0.061047
10 0.614844 0.450581 0.014063 0.034884
13 0.654687 0.401163 0.015625 0.040698
4 0.603125 0.364826 0.018750 0.043605
10 0.591406 0.345930 0.007812 0.017442
13 0.850781 0.779070 0.045312 0.116279
13 0.806250 0.845930 0.043750 0.191860
5 0.700781 0.492733 0.042188 0.061047
17 0.535156 0.340116 0.007812 0.017442
4 0.517188 0.369186 0.025000 0.046512
13 0.492969 0.372093 0.010937 0.029070
13 0.453125 0.402616 0.015625 0.037791
4 0.406250 0.412791 0.043750 0.063953
19 0.253906 0.545058 0.042188 0.090116
13 0.152344 0.593023 0.039062 0.069767
5 0.078906 0.622093 0.095312 0.081395
10 0.951562 0.750000 0.043750 0.087209
10 0.922656 0.707849 0.029687 0.078488
10 0.850781 0.697674 0.026562 0.058140
10 0.807813 0.558140 0.012500 0.052326