4 0.794531 0.759124 0.217188 0.136253
4 0.577344 0.801703 0.167187 0.133820
4 0.383594 0.835766 0.210938 0.133820
4 0.033594 0.828467 0.067187 0.143552
11 0.039062 0.698297 0.075000 0.136253
19 0.046094 0.566910 0.070312 0.131387
9 0.103906 0.472019 0.048438 0.121655
5 0.335938 0.591241 0.071875 0.082725
19 0.254688 0.501217 0.075000 0.097324
4 0.408594 0.523114 0.154688 0.111922
4 0.535937 0.464720 0.140625 0.068127
4 0.686719 0.540146 0.167187 0.087591
7 0.091406 0.316302 0.045312 0.092457
11 0.186719 0.350365 0.042188 0.097324
4 0.278125 0.416058 0.100000 0.170316
4 0.138281 0.215328 0.048438 0.182482
4 0.185938 0.227494 0.037500 0.124088
4 0.221875 0.142336 0.037500 0.124088
4 0.267969 0.060827 0.057813 0.058394
4 0.253125 0.017032 0.053125 0.034063
4 0.332031 0.132603 0.101562 0.104623
4 0.411719 0.243309 0.082812 0.126521
5 0.164062 0.074209 0.028125 0.055961
19 0.135156 0.110706 0.029687 0.036496
4 0.046875 0.062044 0.093750 0.124088
17 0.180469 0.010949 0.023438 0.021898
4 0.699219 0.468370 0.135937 0.060827
4 0.523438 0.341849 0.125000 0.167883
4 0.661719 0.385645 0.148438 0.109489
4 0.867969 0.508516 0.132812 0.097324
4 0.931250 0.441606 0.134375 0.065693
4 0.953906 0.395377 0.085938 0.036496
4 0.964844 0.520681 0.064062 0.097324
13 0.156250 0.351582 0.031250 0.051095
13 0.171875 0.484185 0.034375 0.048662
13 0.190625 0.042579 0.015625 0.041363
13 0.219531 0.048662 0.020313 0.043796
13 0.309375 0.059611 0.015625 0.036496
13 0.190625 0.141119 0.021875 0.034063
13 0.238281 0.908759 0.048438 0.051095
3 0.100000 0.692214 0.021875 0.055961
13 0.211719 0.946472 0.054688 0.077859
13 0.257031 0.682482 0.035937 0.051095
13 0.309375 0.671533 0.043750 0.043796
13 0.295312 0.631387 0.062500 0.036496
13 0.231250 0.583942 0.034375 0.077859
13 0.260156 0.597324 0.023438 0.046229
13 0.294531 0.536496 0.026562 0.026764
13 0.310156 0.361314 0.023438 0.070560
13 0.332813 0.367397 0.018750 0.058394
13 0.346094 0.338200 0.020313 0.048662
13 0.265625 0.312652 0.028125 0.060827
13 0.281250 0.277372 0.025000 0.058394
13 0.385937 0.611922 0.031250 0.031630
13 0.379688 0.568127 0.031250 0.055961
13 0.364844 0.366180 0.017188 0.041363
13 0.387500 0.383212 0.018750 0.051095
13 0.411719 0.389294 0.023438 0.072993
13 0.435937 0.379562 0.018750 0.058394
13 0.425781 0.338200 0.023438 0.019465
13 0.544531 0.903893 0.054688 0.060827
3 0.497656 0.924574 0.035937 0.043796
13 0.417969 0.632603 0.032813 0.043796
13 0.460156 0.611922 0.035937 0.046229
13 0.508594 0.619221 0.048438 0.051095
13 0.403906 0.442822 0.042188 0.034063
13 0.432812 0.450122 0.025000 0.029197
13 0.555469 0.625304 0.039062 0.048662
13 0.530469 0.585158 0.035937 0.031630
10 0.517969 0.531630 0.032813 0.021898
13 0.536719 0.558394 0.023438 0.041363
13 0.575781 0.583942 0.035937 0.038929
13 0.560937 0.526764 0.043750 0.036496
13 0.610938 0.600973 0.040625 0.038929
13 0.642969 0.600973 0.017188 0.048662
13 0.671875 0.627737 0.040625 0.048662
13 0.711719 0.637470 0.035937 0.053528
13 0.755469 0.630170 0.045312 0.053528
13 0.782031 0.566910 0.017188 0.053528
13 0.797656 0.628954 0.035937 0.051095
13 0.788281 0.585158 0.020313 0.026764
13 0.838281 0.630170 0.035937 0.048662
13 0.949219 0.622871 0.026562 0.038929
13 0.984375 0.615572 0.025000 0.053528
13 0.822656 0.580292 0.029687 0.031630
13 0.785156 0.496350 0.023438 0.053528
13 0.776563 0.436740 0.021875 0.051095
13 0.939844 0.579075 0.020313 0.043796
13 0.910156 0.600973 0.023438 0.038929
13 0.897656 0.562044 0.023438 0.034063
13 0.855469 0.559611 0.017188 0.029197
17 0.874219 0.592457 0.051562 0.046229
13 0.617188 0.457421 0.018750 0.043796
13 0.796875 0.458637 0.012500 0.031630