10 0.707031 0.712291 0.035937 0.106145
17 0.607812 0.442737 0.028125 0.069832
17 0.574219 0.512570 0.035937 0.086592
17 0.525000 0.576816 0.040625 0.108939
17 0.477344 0.529330 0.042188 0.097765
17 0.417187 0.332402 0.018750 0.027933
17 0.413281 0.370112 0.010937 0.041899
17 0.429688 0.372905 0.018750 0.036313
5 0.535156 0.409218 0.029687 0.047486
5 0.346094 0.532123 0.067187 0.075419
5 0.420312 0.421788 0.037500 0.050279
5 0.467187 0.356145 0.025000 0.036313
5 0.557031 0.272346 0.010937 0.019553
17 0.511719 0.294693 0.004687 0.019553
11 0.474219 0.294693 0.014063 0.030726