11 0.459375 0.197842 0.037500 0.050360
11 0.487500 0.177458 0.021875 0.033573
4 0.523438 0.040767 0.025000 0.019185
9 0.494531 0.273381 0.014063 0.043165
13 0.478906 0.260192 0.014063 0.021583
13 0.794531 0.941247 0.048438 0.098321
13 0.869531 0.953237 0.064062 0.069544
13 0.884375 0.899281 0.043750 0.067146
13 0.906250 0.850120 0.059375 0.055156
13 0.602344 0.778177 0.039062 0.074341
13 0.461719 0.979616 0.042188 0.031175
13 0.112500 0.705036 0.015625 0.091127
13 0.859375 0.763789 0.037500 0.079137
13 0.960156 0.655875 0.032813 0.045564
13 0.920312 0.711031 0.040625 0.059952
13 0.897656 0.636691 0.032813 0.045564
13 0.695312 0.636691 0.034375 0.059952
13 0.742969 0.565947 0.029687 0.062350
13 0.943750 0.450839 0.028125 0.043165
13 0.949219 0.610312 0.032813 0.050360
13 0.832812 0.616307 0.028125 0.028777
13 0.940625 0.382494 0.018750 0.035971
13 0.971875 0.387290 0.021875 0.021583
13 0.919531 0.408873 0.014063 0.021583
13 0.971094 0.308153 0.020313 0.026379
13 0.902344 0.235012 0.017188 0.019185
13 0.932813 0.213429 0.012500 0.019185
13 0.928906 0.269784 0.004687 0.016787
13 0.691406 0.267386 0.017188 0.026379
13 0.314844 0.523981 0.032813 0.031175
13 0.319531 0.484412 0.029687 0.038369
13 0.344531 0.454436 0.029687 0.035971
13 0.396094 0.420863 0.023438 0.050360
13 0.464844 0.510791 0.032813 0.028777
13 0.440625 0.521583 0.028125 0.021583
4 0.654687 0.035971 0.059375 0.019185
4 0.647656 0.071942 0.032813 0.023981
4 0.689063 0.059952 0.028125 0.033573
4 0.718750 0.062350 0.025000 0.014388
18 0.729688 0.082734 0.034375 0.007194
18 0.757812 0.119904 0.040625 0.062350
4 0.792188 0.175060 0.043750 0.047962
8 0.829688 0.537170 0.059375 0.115108
8 0.886719 0.453237 0.039062 0.081535
8 0.775000 0.701439 0.087500 0.155875
11 0.515625 0.920863 0.084375 0.119904
11 0.978906 0.431655 0.035937 0.062350
13 0.935937 0.501199 0.025000 0.028777
11 0.975000 0.552758 0.046875 0.083933
13 0.923438 0.579137 0.015625 0.055156
17 0.777344 0.585132 0.039062 0.057554
13 0.839844 0.678657 0.023438 0.043165
13 0.862500 0.706235 0.028125 0.035971
5 0.975781 0.743405 0.042188 0.124700
8 0.945312 0.346523 0.040625 0.045564
11 0.835156 0.441247 0.054688 0.081535
11 0.887500 0.327338 0.046875 0.050360
11 0.881250 0.244604 0.025000 0.023981
11 0.914062 0.206235 0.021875 0.033573
11 0.673438 0.911271 0.184375 0.167866
19 0.660156 0.800959 0.067187 0.047962
10 0.023438 0.967626 0.043750 0.055156
5 0.045312 0.769784 0.090625 0.067146
5 0.053125 0.859712 0.106250 0.122302
5 0.134375 0.788969 0.100000 0.086331
19 0.133594 0.953237 0.135937 0.083933
7 0.215625 0.809353 0.050000 0.064748
7 0.321094 0.599520 0.045312 0.124700
7 0.325781 0.679856 0.089063 0.074341
4 0.199219 0.645084 0.160938 0.187050
4 0.336719 0.846523 0.207813 0.287770
4 0.485156 0.636691 0.210938 0.251799
5 0.364063 0.581535 0.037500 0.083933
5 0.393750 0.513189 0.062500 0.057554
17 0.435937 0.464029 0.040625 0.069544
4 0.466406 0.370504 0.082812 0.117506
4 0.525000 0.446043 0.031250 0.124700
4 0.556250 0.274580 0.103125 0.083933
4 0.636719 0.197842 0.057813 0.064748
4 0.655469 0.128297 0.035937 0.035971
4 0.651563 0.094724 0.031250 0.016787
4 0.706250 0.123501 0.043750 0.055156
11 0.730469 0.170264 0.039062 0.038369
11 0.683594 0.203837 0.023438 0.038369
11 0.735156 0.232614 0.032813 0.028777
0 0.721875 0.263789 0.040625 0.033573
13 0.621094 0.111511 0.010937 0.011990
17 0.585938 0.226619 0.025000 0.026379
11 0.656250 0.308153 0.056250 0.035971
4 0.737500 0.350120 0.062500 0.139089
11 0.775781 0.340528 0.014063 0.071942
4 0.777344 0.247002 0.051562 0.062350
4 0.674219 0.426859 0.060937 0.177458
4 0.613281 0.489209 0.104688 0.191847
11 0.408594 0.567146 0.045312 0.035971
11 0.209375 0.489209 0.075000 0.057554
11 0.621094 0.063549 0.023438 0.031175
8 0.867188 0.185851 0.028125 0.031175