19 0.179688 0.467422 0.065625 0.067989
10 0.164844 0.515581 0.020313 0.039660
18 0.352344 0.373938 0.070312 0.062323
10 0.363281 0.410765 0.017188 0.022663
18 0.125000 0.944759 0.250000 0.087819
18 0.123438 0.769122 0.246875 0.348442
18 0.302344 0.675637 0.117188 0.246459
18 0.444531 0.657224 0.126562 0.237960
18 0.478906 0.507082 0.101562 0.147309
18 0.455469 0.473088 0.092188 0.158640
18 0.540625 0.475921 0.059375 0.158640
18 0.668750 0.403683 0.062500 0.116147
18 0.601562 0.413598 0.050000 0.118980
18 0.546875 0.375354 0.056250 0.042493
18 0.708594 0.390935 0.023438 0.067989
18 0.730469 0.365439 0.032813 0.079320
18 0.757812 0.352691 0.025000 0.070822
18 0.784375 0.341360 0.025000 0.059490
18 0.831250 0.320113 0.034375 0.062323