16 0.515625 0.971933 0.125000 0.047817
17 0.328125 0.854470 0.075000 0.158004
17 0.294531 0.772349 0.064062 0.118503
17 0.424219 0.623701 0.035937 0.062370
17 0.385937 0.611227 0.037500 0.066528
17 0.330469 0.612266 0.039062 0.068607
17 0.329688 0.568607 0.028125 0.027027
5 0.237500 0.693347 0.084375 0.072765
5 0.129688 0.599792 0.087500 0.047817
5 0.492969 0.711019 0.070312 0.087318
11 0.417187 0.739085 0.087500 0.172557
10 0.258594 0.582121 0.017188 0.033264
10 0.312500 0.551975 0.012500 0.027027
10 0.331250 0.514553 0.009375 0.022869
19 0.250781 0.515593 0.042188 0.041580
5 0.375000 0.534304 0.034375 0.045738
5 0.425000 0.521830 0.031250 0.037422
5 0.376563 0.484407 0.025000 0.029106
15 0.428125 0.490644 0.028125 0.029106
5 0.430469 0.466736 0.020313 0.018711
1 0.391406 0.460499 0.020313 0.027027
5 0.416406 0.448025 0.014063 0.014553
5 0.401562 0.444906 0.012500 0.016632
5 0.428125 0.438669 0.012500 0.012474
5 0.437500 0.432432 0.012500 0.012474
4 0.399219 0.409563 0.014063 0.020790
13 0.771094 0.942827 0.132812 0.106029
10 0.691406 0.912682 0.039062 0.087318
10 0.671094 0.847193 0.039062 0.089397
5 0.822656 0.861746 0.179688 0.176715
5 0.975781 0.940748 0.039062 0.110187
19 0.871094 0.776507 0.173437 0.189189
5 0.958594 0.795218 0.076563 0.143451
11 0.705469 0.698545 0.107813 0.166320
5 0.621094 0.658004 0.057813 0.085239
0 0.600000 0.598753 0.046875 0.079002
9 0.554688 0.566528 0.046875 0.072765
5 0.653906 0.589397 0.057813 0.047817
17 0.951562 0.683992 0.071875 0.083160
4 0.945312 0.615385 0.106250 0.137214
16 0.857031 0.683992 0.114062 0.083160
5 0.853125 0.636175 0.090625 0.066528
5 0.769531 0.689189 0.054688 0.097713
5 0.759375 0.632017 0.081250 0.070686
17 0.789062 0.603950 0.046875 0.068607
17 0.868750 0.603950 0.046875 0.056133
17 0.870313 0.568607 0.043750 0.027027
5 0.710938 0.588358 0.056250 0.054054
4 0.778125 0.546778 0.121875 0.108108
11 0.594531 0.542620 0.048438 0.041580
11 0.663281 0.551975 0.045312 0.047817
5 0.698438 0.540541 0.037500 0.037422
0 0.699219 0.517672 0.035937 0.037422
5 0.625781 0.534304 0.035937 0.041580
9 0.660156 0.509356 0.042188 0.029106
9 0.602344 0.503119 0.035937 0.037422
5 0.628906 0.501040 0.023438 0.029106
9 0.542188 0.529106 0.034375 0.039501
5 0.568750 0.516632 0.031250 0.035343
5 0.672656 0.486486 0.032813 0.016632
17 0.655469 0.478170 0.020313 0.024948
5 0.501563 0.511435 0.015625 0.029106
9 0.546094 0.494802 0.029687 0.029106
17 0.634375 0.479210 0.018750 0.018711
5 0.574219 0.488565 0.023438 0.020790
4 0.611719 0.461538 0.048438 0.037422
19 0.503125 0.477131 0.021875 0.022869
18 0.550781 0.453222 0.023438 0.024948
4 0.550781 0.413721 0.023438 0.016632
11 0.488281 0.446985 0.017188 0.020790