5 0.853556 0.865625 0.276151 0.262500
5 0.120293 0.864062 0.240586 0.262500
5 0.095188 0.633594 0.190377 0.179688
5 0.232218 0.610938 0.138075 0.159375
13 0.806485 0.563281 0.110879 0.126562
13 0.728033 0.524219 0.054393 0.101562
5 0.209205 0.485156 0.125523 0.095312
9 0.639121 0.610156 0.119247 0.204687
5 0.303347 0.484375 0.054393 0.087500
17 0.621339 0.489063 0.071130 0.046875
9 0.677824 0.426563 0.079498 0.081250
4 0.377615 0.643750 0.240586 0.434375
7 0.536611 0.468750 0.056485 0.103125
15 0.576360 0.385156 0.064854 0.057813
9 0.303347 0.392969 0.066946 0.057813
15 0.370293 0.403906 0.062762 0.042188
13 0.523013 0.394531 0.033473 0.035937
13 0.479079 0.417187 0.033473 0.018750
19 0.646444 0.361719 0.062762 0.042188
10 0.418410 0.398438 0.020921 0.031250
9 0.470711 0.383594 0.046025 0.042188
13 0.505230 0.359375 0.018828 0.040625
5 0.560669 0.343750 0.050209 0.025000
15 0.360879 0.360156 0.035565 0.035937
5 0.488494 0.327344 0.043933 0.023438
5 0.417364 0.356250 0.052301 0.037500
5 0.371339 0.331250 0.043933 0.021875
11 0.430962 0.325781 0.041841 0.020313
17 0.400628 0.303906 0.031381 0.020313
5 0.625523 0.330469 0.046025 0.017188
5 0.606695 0.308594 0.041841 0.020313
19 0.414226 0.285938 0.037657 0.015625
5 0.444561 0.307812 0.031381 0.015625
7 0.496862 0.289062 0.031381 0.028125
9 0.540795 0.317188 0.035565 0.025000
5 0.465481 0.283594 0.031381 0.020313
4 0.102510 0.367969 0.200837 0.079687
5 0.054393 0.316406 0.075314 0.023438
17 0.061715 0.460156 0.077406 0.048438
5 0.571130 0.283594 0.025105 0.020313