13 0.961719 0.807292 0.070312 0.206250
13 0.869531 0.962500 0.098437 0.070833
13 0.765625 0.894792 0.090625 0.202083
13 0.825781 0.766667 0.070312 0.087500
13 0.749219 0.727083 0.079687 0.133333
10 0.823438 0.682292 0.046875 0.085417
10 0.757812 0.541667 0.031250 0.075000
13 0.714063 0.519792 0.046875 0.147917
13 0.952344 0.626042 0.085938 0.081250
13 0.969531 0.447917 0.054688 0.104167
3 0.910937 0.447917 0.056250 0.058333
13 0.823438 0.442708 0.040625 0.064583
13 0.752344 0.365625 0.035937 0.068750
13 0.657031 0.255208 0.020313 0.035417
13 0.642969 0.226042 0.017188 0.018750
13 0.613281 0.175000 0.014063 0.033333
13 0.635938 0.209375 0.015625 0.014583
13 0.599219 0.173958 0.010937 0.022917
13 0.582031 0.145833 0.007812 0.020833
4 0.585938 0.686458 0.200000 0.610417
5 0.375000 0.882292 0.168750 0.227083
5 0.149219 0.936458 0.204687 0.114583
17 0.275781 0.751042 0.142187 0.239583
15 0.434375 0.594792 0.125000 0.227083
17 0.314844 0.578125 0.085938 0.122917
10 0.669531 0.362500 0.039062 0.041667
4 0.596094 0.317708 0.101562 0.118750
15 0.471875 0.419792 0.062500 0.114583
11 0.523438 0.367708 0.028125 0.110417
5 0.500781 0.294792 0.042188 0.031250
9 0.507031 0.250000 0.035937 0.054167
4 0.567969 0.226042 0.054688 0.068750
4 0.557031 0.176042 0.035937 0.031250
4 0.553906 0.146875 0.039062 0.022917
4 0.515625 0.170833 0.031250 0.066667
4 0.380469 0.378125 0.107813 0.210417
5 0.453125 0.309375 0.015625 0.072917
5 0.461719 0.259375 0.035937 0.022917
4 0.463281 0.202083 0.051562 0.083333
5 0.492188 0.154167 0.015625 0.012500
5 0.325781 0.293750 0.054688 0.045833
15 0.071094 0.660417 0.142187 0.241667
15 0.182031 0.457292 0.120313 0.122917