15 0.589844 0.681944 0.101562 0.219444
17 0.614062 0.540278 0.046875 0.063889
13 0.564063 0.481944 0.028125 0.058333
13 0.541406 0.459722 0.017188 0.052778
13 0.542188 0.408333 0.018750 0.022222
19 0.294531 0.872222 0.170313 0.250000
4 0.044531 0.900000 0.089063 0.194444
4 0.436719 0.655556 0.129688 0.383333
4 0.489063 0.493056 0.075000 0.208333
4 0.496875 0.347222 0.037500 0.061111
4 0.482812 0.301389 0.034375 0.030556
4 0.439063 0.395833 0.059375 0.102778
4 0.442969 0.330556 0.039062 0.033333
4 0.428906 0.284722 0.035937 0.047222
4 0.398438 0.268056 0.028125 0.030556
4 0.360156 0.329167 0.051562 0.030556
4 0.378906 0.404167 0.060937 0.052778
4 0.308594 0.537500 0.110937 0.213889
4 0.304688 0.388889 0.100000 0.088889
4 0.145313 0.729167 0.225000 0.413889