19 0.696094 0.959722 0.182812 0.075000
15 0.627344 0.612500 0.167187 0.275000
5 0.600000 0.856944 0.184375 0.208333
17 0.621875 0.430556 0.078125 0.088889
15 0.538281 0.387500 0.076563 0.141667
5 0.485156 0.351389 0.029687 0.102778
17 0.424219 0.293056 0.035937 0.047222
4 0.430469 0.179167 0.085938 0.102778
4 0.482812 0.106944 0.093750 0.041667
4 0.278906 0.843056 0.267188 0.302778
4 0.437500 0.568056 0.168750 0.441667
4 0.221875 0.584722 0.171875 0.252778
4 0.065625 0.729167 0.131250 0.536111
4 0.260156 0.379167 0.114062 0.175000
4 0.149219 0.352778 0.095312 0.205556
8 0.368750 0.304167 0.093750 0.080556
4 0.272656 0.265278 0.079687 0.052778
4 0.197656 0.227778 0.073438 0.050000
4 0.348438 0.200000 0.065625 0.127778
4 0.275000 0.166667 0.068750 0.066667
4 0.277344 0.219444 0.067187 0.038889
4 0.338281 0.113889 0.048438 0.033333
4 0.260937 0.109722 0.056250 0.047222
4 0.347656 0.069444 0.035937 0.033333
11 0.302344 0.109722 0.026562 0.047222