5 0.213281 0.563889 0.010937 0.016667
5 0.225781 0.554167 0.010937 0.013889
5 0.235937 0.565278 0.009375 0.019444
4 0.196875 0.543056 0.012500 0.025000
4 0.282031 0.540278 0.017188 0.019444
5 0.311719 0.565278 0.017188 0.025000
5 0.328125 0.554167 0.012500 0.019444
5 0.354687 0.562500 0.021875 0.025000
5 0.368750 0.555556 0.009375 0.027778
10 0.378125 0.573611 0.009375 0.025000
5 0.250781 0.561111 0.020313 0.011111
5 0.257031 0.601389 0.076563 0.069444
5 0.080469 0.634722 0.085938 0.108333
17 0.175000 0.641667 0.093750 0.161111
3 0.459375 0.568056 0.006250 0.030556