9 0.176563 0.827338 0.087500 0.167866
3 0.150000 0.687050 0.018750 0.050360
10 0.358594 0.534772 0.060937 0.047962
13 0.131250 0.350120 0.046875 0.081535
13 0.162500 0.218225 0.081250 0.086331
13 0.071094 0.225420 0.082812 0.052758
13 0.235156 0.176259 0.067187 0.083933
13 0.707031 0.229017 0.023438 0.035971
13 0.717969 0.177458 0.032813 0.057554
13 0.656250 0.149880 0.059375 0.074341
13 0.857031 0.513189 0.073438 0.071942
13 0.903906 0.435252 0.064062 0.031175
17 0.252344 0.806954 0.057813 0.107914
17 0.272656 0.928058 0.057813 0.129496
17 0.364844 0.949640 0.054688 0.091127
17 0.421875 0.515588 0.056250 0.052758
17 0.718750 0.261391 0.056250 0.038369
5 0.950781 0.491607 0.085938 0.091127
5 0.564844 0.569544 0.060937 0.103118
5 0.617969 0.513189 0.073438 0.095923
5 0.504687 0.824940 0.078125 0.134293
11 0.552344 0.938849 0.085938 0.107914
5 0.767969 0.623501 0.079687 0.163070
5 0.422656 0.850120 0.089063 0.136691
5 0.329688 0.842926 0.081250 0.103118
5 0.175781 0.955635 0.073438 0.074341
5 0.039844 0.339329 0.079687 0.055156
13 0.059375 0.389688 0.028125 0.050360
5 0.228125 0.308153 0.134375 0.064748
5 0.209375 0.380096 0.100000 0.074341
5 0.421094 0.304556 0.132812 0.100719
5 0.775781 0.067146 0.095312 0.086331
5 0.073438 0.296163 0.100000 0.074341
20 0.864062 0.468825 0.043750 0.031175
20 0.603125 0.139089 0.056250 0.052758