17 0.042969 0.586402 0.085938 0.135977
17 0.445312 0.746459 0.071875 0.218130
17 0.877344 0.756374 0.095312 0.215297
17 0.460938 0.541076 0.059375 0.113314
17 0.756250 0.412181 0.050000 0.082153
17 0.557813 0.383853 0.034375 0.031161
10 0.896094 0.613314 0.042188 0.076487
10 0.840625 0.552408 0.034375 0.073654
10 0.630469 0.453258 0.023438 0.056657
10 0.583594 0.356941 0.023438 0.039660
10 0.716406 0.366856 0.023438 0.042493
10 0.412500 0.277620 0.012500 0.028329
3 0.673438 0.464589 0.018750 0.050992
4 0.502344 0.211048 0.020313 0.031161
4 0.526563 0.219547 0.021875 0.036827
4 0.550781 0.242210 0.023438 0.053824
4 0.596875 0.239377 0.021875 0.048159
17 0.613281 0.260623 0.007812 0.028329
4 0.635938 0.273371 0.034375 0.059490
4 0.363281 0.237960 0.029687 0.033994
4 0.321094 0.253541 0.039062 0.031161
4 0.335156 0.291785 0.067187 0.045326
4 0.281250 0.390935 0.112500 0.158640
4 0.751563 0.803116 0.225000 0.376771
4 0.572656 0.592068 0.123438 0.379603
5 0.344531 0.742210 0.129688 0.249292
15 0.671094 0.320113 0.032813 0.056657
15 0.210156 0.356941 0.048438 0.073654
5 0.438281 0.284703 0.023438 0.036827
9 0.406250 0.324363 0.037500 0.048159
15 0.523438 0.313031 0.031250 0.048159
5 0.288281 0.298867 0.023438 0.036827
10 0.807813 0.487252 0.031250 0.056657
5 0.439844 0.456091 0.060937 0.056657
5 0.467187 0.390935 0.043750 0.062323
5 0.507031 0.413598 0.032813 0.084986
5 0.480469 0.338527 0.032813 0.048159
5 0.483594 0.297450 0.026562 0.022663
5 0.498437 0.232295 0.015625 0.022663
5 0.511719 0.250708 0.014063 0.019830
5 0.514062 0.274788 0.018750 0.022663