13 0.875000 0.954545 0.021875 0.044156
13 0.800781 0.942857 0.020313 0.083117
11 0.875781 0.893506 0.082812 0.057143
13 0.982031 0.919481 0.026562 0.103896
13 0.625000 0.933766 0.031250 0.122078
13 0.847656 0.723377 0.020313 0.080519
11 0.928906 0.772727 0.135937 0.168831
10 0.596094 0.911688 0.017188 0.062338
17 0.917188 0.218182 0.012500 0.025974
17 0.925000 0.187013 0.012500 0.015584
4 0.872656 0.209091 0.029687 0.033766
4 0.840625 0.175325 0.021875 0.049351
4 0.810156 0.220779 0.029687 0.041558
4 0.810937 0.174026 0.025000 0.036364
4 0.765625 0.250649 0.043750 0.064935
4 0.840625 0.240260 0.025000 0.023377
4 0.866406 0.245455 0.026562 0.033766
4 0.896094 0.253247 0.029687 0.033766
4 0.834375 0.261039 0.031250 0.018182
4 0.800781 0.288312 0.032813 0.036364
4 0.859375 0.285714 0.025000 0.041558
4 0.892188 0.287013 0.034375 0.033766
4 0.871875 0.357143 0.043750 0.075325
4 0.832812 0.324675 0.025000 0.036364
4 0.808594 0.376623 0.039062 0.067532
4 0.761719 0.338961 0.057813 0.054545
17 0.915625 0.277922 0.012500 0.036364
4 0.712500 0.470130 0.065625 0.140260
4 0.761719 0.477922 0.070312 0.140260
13 0.849219 0.428571 0.010937 0.025974
13 0.840625 0.389610 0.015625 0.015584
13 0.839063 0.483117 0.015625 0.025974
13 0.878906 0.646753 0.032813 0.036364
13 0.828125 0.629870 0.012500 0.044156
13 0.810937 0.549351 0.018750 0.033766
13 0.776563 0.600000 0.021875 0.031169
17 0.818750 0.471429 0.025000 0.049351
5 0.800781 0.509091 0.039062 0.025974
17 0.732812 0.290909 0.018750 0.036364
4 0.692187 0.276623 0.046875 0.049351
4 0.657813 0.296104 0.018750 0.041558
4 0.565625 0.345455 0.093750 0.119481
11 0.483594 0.392208 0.060937 0.051948
13 0.404687 0.400000 0.015625 0.025974
13 0.420312 0.406494 0.015625 0.023377
13 0.387500 0.445455 0.012500 0.018182
13 0.403125 0.466234 0.012500 0.023377
13 0.374219 0.480519 0.007812 0.046753
13 0.270313 0.501299 0.015625 0.025974
13 0.336719 0.481818 0.010937 0.028571
17 0.417187 0.496104 0.043750 0.031169
13 0.325000 0.475325 0.012500 0.036364
5 0.410156 0.536364 0.051562 0.054545
11 0.349219 0.531169 0.067187 0.054545
4 0.032813 0.427273 0.065625 0.070130
4 0.027344 0.492208 0.054688 0.059740
5 0.024219 0.542857 0.045312 0.041558
5 0.078906 0.593506 0.076563 0.054545
5 0.074219 0.553247 0.051562 0.031169
5 0.100000 0.523377 0.053125 0.028571
5 0.174219 0.535065 0.032813 0.025974
5 0.294531 0.631169 0.045312 0.057143
5 0.294531 0.585714 0.042188 0.023377
5 0.350000 0.574026 0.062500 0.025974
5 0.400781 0.611688 0.023438 0.044156
5 0.347656 0.651948 0.057813 0.062338
17 0.427344 0.593506 0.029687 0.049351
4 0.530469 0.511688 0.164062 0.176623
5 0.478906 0.618182 0.067187 0.031169
5 0.564063 0.641558 0.068750 0.072727
5 0.463281 0.661039 0.057813 0.044156
5 0.461719 0.740260 0.060937 0.103896
15 0.537500 0.812987 0.078125 0.166234
5 0.573438 0.732468 0.062500 0.109091
17 0.774219 0.551948 0.035937 0.059740
17 0.728125 0.598701 0.043750 0.044156
17 0.652344 0.598701 0.039062 0.044156
17 0.617969 0.645455 0.032813 0.044156
17 0.628125 0.709091 0.040625 0.067532
17 0.775000 0.644156 0.043750 0.046753
17 0.818750 0.681818 0.040625 0.049351
10 0.696875 0.679221 0.018750 0.028571
13 0.666406 0.645455 0.020313 0.064935
10 0.657031 0.779221 0.014063 0.041558
17 0.696094 0.784416 0.057813 0.046753
5 0.679688 0.715584 0.050000 0.059740
5 0.721875 0.651948 0.053125 0.031169
5 0.786719 0.710390 0.035937 0.033766
5 0.714063 0.880519 0.118750 0.119481
19 0.777344 0.788312 0.104688 0.148052