19 0.285938 0.595833 0.568750 0.802778
19 0.452344 0.326389 0.276562 0.347222
5 0.790625 0.393056 0.250000 0.341667
5 0.675000 0.276389 0.125000 0.175000
5 0.777344 0.195833 0.089063 0.102778
5 0.853125 0.218056 0.115625 0.136111
17 0.960156 0.187500 0.070312 0.125000
5 0.692969 0.180556 0.070312 0.094444
17 0.612500 0.198611 0.093750 0.158333
4 0.701562 0.129167 0.171875 0.136111
17 0.073438 0.169444 0.143750 0.061111
17 0.255469 0.170833 0.126562 0.047222
17 0.374219 0.154167 0.120313 0.047222