4 0.949219 0.238889 0.098437 0.238889
4 0.197656 0.151389 0.235937 0.191667
4 0.368750 0.201389 0.100000 0.091667
4 0.542969 0.172222 0.123438 0.088889
4 0.657031 0.140278 0.076563 0.091667
4 0.698438 0.156944 0.059375 0.047222
4 0.044531 0.198611 0.070312 0.125000
4 0.279687 0.826389 0.559375 0.341667
5 0.078125 0.704167 0.156250 0.213889
19 0.139844 0.516667 0.279687 0.238889
5 0.472656 0.637500 0.251563 0.269444
17 0.742188 0.604167 0.112500 0.291667
10 0.861719 0.481944 0.039062 0.108333
10 0.886719 0.377778 0.029687 0.061111
17 0.776563 0.402778 0.065625 0.155556
17 0.812500 0.334722 0.050000 0.108333
17 0.767188 0.308333 0.043750 0.100000
17 0.855469 0.313889 0.032813 0.094444
17 0.456250 0.431944 0.103125 0.147222
17 0.478906 0.368056 0.085938 0.136111
17 0.342969 0.540278 0.151562 0.230556
15 0.025781 0.466667 0.048438 0.144444
5 0.201563 0.363889 0.206250 0.105556
5 0.329688 0.400000 0.168750 0.133333
5 0.626563 0.423611 0.103125 0.180556
5 0.577344 0.323611 0.095312 0.113889
5 0.544531 0.280556 0.089063 0.083333
5 0.661719 0.279167 0.070312 0.075000
5 0.632031 0.251389 0.067187 0.063889
5 0.742188 0.261111 0.056250 0.072222
5 0.704688 0.247222 0.050000 0.088889
5 0.739844 0.215278 0.035937 0.041667
5 0.026562 0.306944 0.053125 0.058333
5 0.070312 0.283333 0.118750 0.083333
5 0.197656 0.311111 0.160938 0.083333
5 0.185156 0.251389 0.082812 0.047222
5 0.252344 0.268056 0.057813 0.069444
15 0.336719 0.261111 0.114062 0.077778
9 0.324219 0.215278 0.076563 0.047222
17 0.675781 0.322222 0.051562 0.116667
17 0.805469 0.270833 0.042188 0.058333
5 0.865625 0.270833 0.053125 0.080556
5 0.801562 0.247222 0.040625 0.061111
17 0.782031 0.220833 0.023438 0.047222
5 0.887500 0.234722 0.028125 0.063889
5 0.862500 0.218056 0.018750 0.058333
9 0.799219 0.195833 0.032813 0.047222
4 0.748437 0.161111 0.031250 0.022222
4 0.010937 0.176389 0.021875 0.269444
19 0.430469 0.309722 0.145313 0.147222
5 0.666406 0.277778 0.070312 0.066667
5 0.471094 0.227778 0.042188 0.027778
5 0.515625 0.230556 0.053125 0.044444
19 0.603906 0.205556 0.048438 0.050000
5 0.825000 0.211111 0.025000 0.050000
5 0.898438 0.190278 0.018750 0.036111