15 0.184375 0.681944 0.265625 0.336111
5 0.421875 0.448611 0.156250 0.213889
5 0.306250 0.900000 0.237500 0.194444
5 0.525781 0.955556 0.167187 0.083333
5 0.959375 0.691667 0.078125 0.366667
5 0.967187 0.409722 0.062500 0.208333
5 0.960938 0.248611 0.075000 0.152778
5 0.957812 0.131944 0.071875 0.108333
0 0.950781 0.052778 0.057813 0.105556
5 0.558594 0.215278 0.070312 0.136111
5 0.778906 0.148611 0.067187 0.119444
5 0.790625 0.066667 0.053125 0.077778
5 0.804688 0.012500 0.034375 0.025000
5 0.609375 0.095833 0.065625 0.086111
5 0.553906 0.215278 0.067187 0.130556
11 0.514844 0.137500 0.082812 0.125000
8 0.642188 0.190278 0.090625 0.152778
17 0.628906 0.670833 0.135937 0.302778
17 0.541406 0.431944 0.082812 0.213889
17 0.730469 0.065278 0.039062 0.091667
17 0.688281 0.034722 0.035937 0.069444
17 0.667188 0.086111 0.037500 0.072222
4 0.145313 0.490278 0.290625 0.502778
4 0.677344 0.347222 0.154688 0.344444
5 0.753906 0.243056 0.051562 0.147222
10 0.492188 0.248611 0.046875 0.058333
10 0.772656 0.441667 0.029687 0.094444
10 0.807813 0.273611 0.028125 0.075000
4 0.569531 0.055556 0.114062 0.111111
4 0.635156 0.016667 0.029687 0.033333
5 0.746094 0.031944 0.035937 0.063889