5 0.960156 0.881944 0.076563 0.213889
17 0.907813 0.555556 0.128125 0.211111
17 0.789062 0.845833 0.187500 0.297222
17 0.680469 0.615278 0.120313 0.219444
17 0.539062 0.598611 0.109375 0.202778
19 0.678906 0.468056 0.185938 0.219444
5 0.417187 0.659722 0.175000 0.286111
5 0.500781 0.454167 0.132812 0.136111
5 0.515625 0.379167 0.115625 0.119444
11 0.283594 0.405556 0.120313 0.211111
15 0.366406 0.400000 0.107813 0.183333
5 0.398438 0.347222 0.084375 0.100000
5 0.278906 0.298611 0.073438 0.080556
5 0.201563 0.325000 0.068750 0.111111
4 0.531250 0.265278 0.225000 0.247222
10 0.349219 0.240278 0.029687 0.052778
3 0.963281 0.484722 0.060937 0.080556
20 0.892188 0.431944 0.118750 0.108333
5 0.220312 0.233333 0.053125 0.094444
4 0.262500 0.179167 0.106250 0.158333
10 0.340625 0.170833 0.015625 0.047222
17 0.150781 0.251389 0.032813 0.069444
5 0.135937 0.209722 0.046875 0.063889
10 0.103906 0.193056 0.014063 0.041667
5 0.125000 0.147222 0.031250 0.050000
5 0.099219 0.129167 0.020313 0.041667
5 0.078906 0.123611 0.023438 0.036111
17 0.200781 0.143056 0.020313 0.047222
11 0.321094 0.172222 0.026562 0.066667
4 0.285156 0.109722 0.067187 0.069444
4 0.178125 0.073611 0.043750 0.058333
4 0.142969 0.043056 0.029687 0.052778
5 0.117969 0.098611 0.020313 0.030556
5 0.065625 0.101389 0.012500 0.036111
5 0.174219 0.873611 0.185938 0.241667
5 0.033594 0.906944 0.060937 0.163889
10 0.137500 0.688889 0.087500 0.144444
5 0.100781 0.543056 0.114062 0.175000
5 0.015625 0.619444 0.031250 0.177778
5 0.086719 0.426389 0.092188 0.113889
5 0.016406 0.440278 0.032813 0.130556
5 0.068750 0.348611 0.065625 0.086111
5 0.014063 0.337500 0.028125 0.091667
19 0.047656 0.266667 0.067187 0.100000
5 0.035156 0.206944 0.042188 0.063889
5 0.017969 0.152778 0.026562 0.033333
5 0.024219 0.172222 0.032813 0.022222
5 0.017188 0.133333 0.025000 0.027778
5 0.007031 0.084722 0.014063 0.019444