4 0.234375 0.112500 0.196875 0.186111
4 0.073438 0.115278 0.140625 0.219444
19 0.078906 0.376389 0.157812 0.219444
5 0.221094 0.426389 0.226562 0.213889
17 0.609375 0.730556 0.168750 0.394444
17 0.244531 0.923611 0.251563 0.130556
5 0.349219 0.723611 0.317188 0.402778
17 0.420312 0.466667 0.156250 0.172222
17 0.517188 0.387500 0.103125 0.169444
17 0.862500 0.277778 0.050000 0.105556
17 0.800000 0.318056 0.059375 0.125000
3 0.792188 0.395833 0.040625 0.091667
4 0.950000 0.198611 0.096875 0.241667
17 0.903125 0.184722 0.025000 0.058333
5 0.415625 0.334722 0.146875 0.136111
5 0.321875 0.295833 0.153125 0.119444
5 0.471094 0.258333 0.117188 0.100000
5 0.568750 0.275000 0.093750 0.100000
5 0.628906 0.298611 0.085938 0.119444
5 0.701562 0.344444 0.112500 0.150000
5 0.698438 0.255556 0.068750 0.083333
17 0.678125 0.222222 0.050000 0.083333
15 0.661719 0.193056 0.067187 0.086111
15 0.773438 0.251389 0.081250 0.108333
15 0.345313 0.231944 0.115625 0.102778
15 0.102344 0.237500 0.117188 0.080556
5 0.211719 0.280556 0.154688 0.105556
5 0.266406 0.220833 0.073438 0.058333
5 0.214062 0.198611 0.081250 0.063889
19 0.336719 0.170833 0.076563 0.058333
4 0.374219 0.143056 0.095312 0.080556
5 0.400000 0.194444 0.053125 0.050000
5 0.439844 0.209722 0.076563 0.058333
5 0.472656 0.181944 0.042188 0.041667
5 0.524219 0.184722 0.054688 0.052778
5 0.585938 0.220833 0.084375 0.063889
5 0.739844 0.208333 0.057813 0.061111
5 0.721094 0.176389 0.042188 0.047222
5 0.829688 0.225000 0.043750 0.077778
5 0.878125 0.231944 0.040625 0.069444
5 0.808594 0.188889 0.042188 0.050000
5 0.869531 0.193056 0.039062 0.052778
9 0.760156 0.154167 0.042188 0.041667
4 0.563281 0.123611 0.117188 0.075000
4 0.689844 0.090278 0.082812 0.075000
19 0.613281 0.159722 0.057813 0.063889
5 0.835156 0.159722 0.026562 0.030556
19 0.885156 0.141667 0.035937 0.038889
19 0.803906 0.145833 0.029687 0.036111
4 0.764844 0.108333 0.032813 0.044444
17 0.018750 0.773611 0.037500 0.136111
5 0.044531 0.923611 0.085938 0.147222
5 0.857031 0.143056 0.023438 0.041667