4 0.902344 0.233333 0.189062 0.261111
4 0.931250 0.151389 0.128125 0.130556
4 0.130469 0.698611 0.260937 0.597222
4 0.372656 0.195833 0.098437 0.163889
4 0.589844 0.131944 0.073438 0.180556
4 0.871094 0.037500 0.085938 0.075000
4 0.716406 0.041667 0.057813 0.083333
5 0.757812 0.198611 0.056250 0.086111
19 0.781250 0.140278 0.053125 0.108333
19 0.842187 0.101389 0.043750 0.041667
11 0.720313 0.097222 0.053125 0.077778
17 0.677344 0.065278 0.017188 0.047222
17 0.671094 0.023611 0.017188 0.047222
10 0.294531 0.337500 0.026562 0.047222
20 0.312500 0.268056 0.043750 0.097222
5 0.808594 0.745833 0.170313 0.313889
5 0.635156 0.870833 0.148438 0.252778
17 0.308594 0.893056 0.123438 0.208333
17 0.294531 0.695833 0.098437 0.236111
17 0.374219 0.540278 0.070312 0.186111
5 0.445312 0.741667 0.109375 0.283333
5 0.735938 0.466667 0.090625 0.172222
17 0.649219 0.405556 0.060937 0.138889
19 0.573438 0.529167 0.100000 0.269444
5 0.463281 0.459722 0.079687 0.152778
5 0.334375 0.412500 0.093750 0.136111
5 0.377344 0.311111 0.057813 0.133333
17 0.419531 0.318056 0.042188 0.113889
5 0.477344 0.320833 0.064062 0.108333
5 0.563281 0.337500 0.067187 0.130556
5 0.632812 0.316667 0.062500 0.094444
5 0.689063 0.287500 0.065625 0.119444
5 0.613281 0.237500 0.057813 0.069444
5 0.663281 0.204167 0.054688 0.075000
5 0.650000 0.165278 0.040625 0.075000
5 0.635156 0.109722 0.026562 0.063889
11 0.546094 0.247222 0.051562 0.105556
5 0.487500 0.237500 0.046875 0.080556
5 0.450781 0.211111 0.048438 0.083333
15 0.482812 0.169444 0.037500 0.066667
5 0.466406 0.101389 0.032813 0.063889
5 0.503125 0.129167 0.040625 0.052778
5 0.532031 0.162500 0.035937 0.058333
5 0.532031 0.109722 0.029687 0.052778
5 0.501563 0.081944 0.021875 0.052778
5 0.509375 0.054167 0.025000 0.030556
5 0.533594 0.062500 0.023438 0.036111
19 0.575000 0.026389 0.046875 0.041667
5 0.617969 0.018056 0.023438 0.030556
5 0.464062 0.025000 0.034375 0.033333
15 0.507031 0.012500 0.026562 0.025000
5 0.466406 0.976389 0.107813 0.036111