4 0.210938 0.112500 0.153125 0.091667
4 0.752344 0.162500 0.392188 0.247222
4 0.915625 0.495833 0.165625 0.991667
4 0.483594 0.062500 0.185938 0.113889
4 0.473438 0.143056 0.181250 0.119444
5 0.510938 0.684722 0.690625 0.625000
19 0.446094 0.191667 0.223438 0.083333
19 0.313281 0.156944 0.092188 0.058333
17 0.107031 0.359722 0.214062 0.319444
17 0.278906 0.454167 0.339062 0.425000
17 0.542188 0.340278 0.175000 0.197222
17 0.745313 0.373611 0.134375 0.258333
17 0.817187 0.327778 0.106250 0.255556
17 0.625781 0.300000 0.095312 0.194444
17 0.655469 0.256944 0.129688 0.141667
17 0.439063 0.290278 0.153125 0.202778
17 0.285156 0.220833 0.139063 0.097222
17 0.239063 0.169444 0.062500 0.061111
17 0.537500 0.300000 0.146875 0.183333
17 0.022656 0.179167 0.045312 0.052778
5 0.200781 0.162500 0.042188 0.047222