17 0.080469 0.209722 0.073438 0.180556
17 0.154688 0.237500 0.112500 0.202778
17 0.196094 0.266667 0.176563 0.222222
17 0.279687 0.195833 0.109375 0.141667
17 0.339844 0.179167 0.039062 0.125000
17 0.388281 0.201389 0.110937 0.125000
17 0.478125 0.190278 0.081250 0.141667
17 0.566406 0.193056 0.101562 0.108333
17 0.653906 0.191667 0.070312 0.111111
17 0.356250 0.625000 0.546875 0.744444
17 0.564063 0.400000 0.218750 0.377778
17 0.778906 0.565278 0.251563 0.663889
17 0.903125 0.384722 0.134375 0.336111
17 0.955469 0.270833 0.085938 0.152778
17 0.808594 0.193056 0.042188 0.108333
17 0.733594 0.163889 0.067187 0.055556
17 0.655469 0.188889 0.079687 0.083333
17 0.566406 0.180556 0.098437 0.077778
17 0.388281 0.206944 0.104688 0.119444
4 0.447656 0.109722 0.082812 0.091667
4 0.620313 0.108333 0.181250 0.094444
4 0.832031 0.131944 0.254688 0.147222
4 0.976562 0.116667 0.040625 0.111111
4 0.982031 0.134722 0.029687 0.080556
4 0.736719 0.298611 0.170313 0.202778
5 0.747656 0.208333 0.132812 0.066667