4 0.865625 0.729167 0.265625 0.530556
4 0.751563 0.498611 0.171875 0.386111
4 0.664844 0.266667 0.104688 0.150000
19 0.618750 0.826389 0.178125 0.336111
19 0.249219 0.787500 0.195312 0.413889
5 0.403906 0.913889 0.160938 0.166667
5 0.325781 0.559722 0.114062 0.219444
0 0.367969 0.369444 0.079687 0.177778
5 0.446094 0.415278 0.076563 0.180556
5 0.457813 0.300000 0.056250 0.122222
5 0.392969 0.287500 0.048438 0.080556
5 0.398438 0.233333 0.046875 0.077778
5 0.460938 0.225000 0.050000 0.083333
5 0.420312 0.194444 0.031250 0.066667
5 0.464062 0.179167 0.034375 0.058333
17 0.513281 0.275000 0.029687 0.105556
4 0.600781 0.444444 0.170313 0.505556
5 0.434375 0.143056 0.028125 0.047222
10 0.409375 0.138889 0.012500 0.027778
5 0.471094 0.134722 0.029687 0.047222
17 0.507031 0.212500 0.026562 0.080556
17 0.500000 0.138889 0.021875 0.055556
4 0.596094 0.159722 0.076563 0.102778
4 0.580469 0.104167 0.057813 0.091667
4 0.535156 0.122222 0.045312 0.116667
4 0.544531 0.050000 0.039062 0.050000
4 0.514844 0.026389 0.029687 0.052778
4 0.471094 0.025000 0.029687 0.050000
4 0.483594 0.065278 0.023438 0.058333
5 0.442188 0.056944 0.015625 0.025000
5 0.437500 0.101389 0.028125 0.030556
15 0.073438 0.659722 0.143750 0.252778
5 0.175781 0.438889 0.117188 0.138889
5 0.067187 0.477778 0.134375 0.138889
5 0.040625 0.429167 0.078125 0.102778
5 0.155469 0.372222 0.104688 0.111111
5 0.086719 0.337500 0.092188 0.097222
15 0.035156 0.334722 0.070312 0.086111
5 0.035156 0.277778 0.067187 0.038889
17 0.028906 0.234722 0.051562 0.052778
17 0.137500 0.270833 0.050000 0.075000
17 0.192188 0.263889 0.050000 0.083333
17 0.093750 0.268056 0.053125 0.069444
17 0.088281 0.212500 0.039062 0.036111
17 0.086719 0.181944 0.048438 0.025000
17 0.136719 0.176389 0.039062 0.058333
5 0.161719 0.200000 0.048438 0.055556
5 0.249219 0.327778 0.085938 0.105556
5 0.296875 0.263889 0.056250 0.100000
5 0.203906 0.287500 0.042188 0.080556
5 0.254688 0.240278 0.046875 0.091667
19 0.317969 0.204167 0.051562 0.097222
5 0.278125 0.181944 0.043750 0.058333
5 0.254688 0.155556 0.034375 0.044444
5 0.357812 0.151389 0.031250 0.041667
5 0.329688 0.140278 0.025000 0.036111
19 0.291406 0.131944 0.032813 0.041667
4 0.267969 0.073611 0.045312 0.052778
5 0.375000 0.118056 0.021875 0.047222
5 0.413281 0.059722 0.017188 0.025000
5 0.379688 0.081944 0.018750 0.025000
19 0.319531 0.062500 0.020313 0.025000