5 0.090625 0.770833 0.181250 0.452778
19 0.478906 0.736111 0.560937 0.522222
4 0.454688 0.405556 0.196875 0.166667
17 0.264844 0.515278 0.107813 0.152778
9 0.418750 0.463889 0.121875 0.088889
17 0.061719 0.526389 0.123438 0.119444
17 0.105469 0.484722 0.117188 0.047222
5 0.178906 0.468056 0.098437 0.063889
5 0.760938 0.534722 0.078125 0.163889
5 0.935937 0.675000 0.125000 0.355556
5 0.871094 0.551389 0.082812 0.136111
5 0.699219 0.468056 0.054688 0.063889
5 0.821094 0.498611 0.051562 0.097222
11 0.887500 0.452778 0.053125 0.066667
17 0.871094 0.479167 0.039062 0.052778