17 0.939844 0.523611 0.114062 0.102778
11 0.674219 0.818056 0.307812 0.358333
5 0.833594 0.787500 0.279687 0.336111
4 0.697656 0.373611 0.314063 0.319444
20 0.909375 0.447222 0.118750 0.105556
19 0.907813 0.693056 0.181250 0.358333
5 0.724219 0.561111 0.182812 0.183333
17 0.547656 0.390278 0.057813 0.125000
15 0.566406 0.602778 0.207813 0.255556
5 0.578906 0.530556 0.157812 0.172222
10 0.605469 0.484722 0.026562 0.063889
5 0.371875 0.598611 0.156250 0.219444
5 0.406250 0.475000 0.118750 0.155556
4 0.398438 0.294444 0.171875 0.250000
11 0.471875 0.245833 0.053125 0.102778
5 0.322656 0.362500 0.085938 0.130556
17 0.260156 0.426389 0.064062 0.141667
9 0.260156 0.298611 0.070312 0.113889
5 0.205469 0.315278 0.060937 0.130556
10 0.148438 0.306944 0.025000 0.047222
17 0.282031 0.268056 0.032813 0.063889
5 0.278906 0.240278 0.051562 0.075000
17 0.229687 0.240278 0.037500 0.075000
17 0.214062 0.209722 0.025000 0.052778
5 0.239844 0.198611 0.029687 0.058333
5 0.184375 0.219444 0.046875 0.061111
5 0.144531 0.195833 0.035937 0.063889
4 0.292969 0.155556 0.073438 0.100000
4 0.194531 0.109722 0.048438 0.086111
5 0.102344 0.168056 0.035937 0.047222
9 0.134375 0.137500 0.028125 0.047222
5 0.156250 0.120833 0.018750 0.025000
5 0.107813 0.126389 0.018750 0.025000
5 0.070312 0.109722 0.018750 0.036111
17 0.228906 0.126389 0.026562 0.047222
5 0.180469 0.866667 0.182812 0.261111
10 0.158594 0.676389 0.051562 0.130556
5 0.033594 0.961111 0.067187 0.072222
5 0.026562 0.754167 0.053125 0.263889
5 0.110156 0.576389 0.092188 0.175000
5 0.018750 0.543056 0.037500 0.141667
5 0.098437 0.451389 0.087500 0.125000
5 0.074219 0.375000 0.070312 0.088889
5 0.020313 0.426389 0.040625 0.108333
5 0.017969 0.358333 0.035937 0.083333
19 0.061719 0.298611 0.060937 0.102778
5 0.039062 0.222222 0.040625 0.061111
15 0.014844 0.301389 0.029687 0.063889
5 0.032031 0.188889 0.026562 0.016667
5 0.025000 0.169444 0.021875 0.027778
5 0.022656 0.148611 0.017188 0.019444
5 0.021094 0.130556 0.020313 0.027778
5 0.004687 0.204167 0.009375 0.036111
4 0.157031 0.081944 0.023438 0.052778
5 0.013281 0.104167 0.017188 0.030556