17 0.583594 0.645833 0.351562 0.697222
17 0.082812 0.743056 0.165625 0.502778
17 0.032031 0.329167 0.064062 0.230556
17 0.028906 0.426389 0.057813 0.225000
4 0.117188 0.195833 0.234375 0.263889
17 0.132812 0.315278 0.140625 0.236111
17 0.208594 0.436111 0.276562 0.422222
17 0.394531 0.358333 0.157812 0.288889
17 0.338281 0.216667 0.123438 0.038889
17 0.441406 0.277778 0.082812 0.161111
5 0.507031 0.218056 0.079687 0.080556
17 0.580469 0.248611 0.085938 0.125000
17 0.660156 0.276389 0.139063 0.119444
17 0.817969 0.384722 0.151562 0.302778
17 0.746875 0.266667 0.078125 0.150000
17 0.962500 0.352778 0.065625 0.250000
17 0.881250 0.281944 0.075000 0.180556
19 0.614844 0.173611 0.085938 0.052778
17 0.459375 0.183333 0.053125 0.050000
17 0.534375 0.162500 0.056250 0.036111
13 0.333594 0.170833 0.032813 0.058333
17 0.658594 0.206944 0.057813 0.047222
17 0.683594 0.206944 0.051562 0.063889
17 0.792188 0.201389 0.050000 0.041667
5 0.936719 0.215278 0.032813 0.063889
5 0.975781 0.206944 0.045312 0.063889