17 0.086719 0.734722 0.170313 0.519444
17 0.108594 0.479167 0.217188 0.363889
17 0.067969 0.287500 0.135937 0.058333
17 0.169531 0.305556 0.101562 0.150000
17 0.252344 0.322222 0.114062 0.194444
4 0.310156 0.190278 0.301563 0.147222
17 0.371875 0.465278 0.262500 0.391667
17 0.639062 0.665278 0.434375 0.652778
17 0.912500 0.543056 0.171875 0.480556
17 0.882812 0.345833 0.175000 0.175000
17 0.954688 0.269444 0.068750 0.105556
17 0.896875 0.254167 0.100000 0.047222
17 0.726562 0.293056 0.087500 0.147222
17 0.807031 0.279167 0.070312 0.130556
17 0.534375 0.347222 0.156250 0.200000
17 0.481250 0.255556 0.115625 0.050000
17 0.402344 0.250000 0.060937 0.055556
13 0.513281 0.222222 0.023438 0.061111
17 0.603906 0.212500 0.054688 0.047222
17 0.675000 0.216667 0.056250 0.050000
19 0.752344 0.218056 0.085938 0.052778
19 0.885156 0.204167 0.064062 0.058333
5 0.644531 0.284722 0.085938 0.102778