4 0.011719 0.727778 0.023438 0.161111
4 0.415625 0.255556 0.212500 0.255556
4 0.437500 0.456944 0.262500 0.413889
4 0.768750 0.326389 0.137500 0.297222
4 0.738281 0.027778 0.085938 0.055556
5 0.616406 0.848611 0.217188 0.297222
5 0.655469 0.315278 0.095312 0.158333
5 0.571094 0.243056 0.079687 0.113889
5 0.602344 0.155556 0.070312 0.094444
5 0.679688 0.162500 0.068750 0.097222
5 0.717187 0.100000 0.050000 0.072222
5 0.870313 0.051389 0.037500 0.069444
5 0.825781 0.177778 0.057813 0.105556
5 0.982812 0.786111 0.031250 0.394444
5 0.987500 0.315278 0.021875 0.147222
5 0.988281 0.209722 0.020313 0.091667
0 0.985938 0.125000 0.025000 0.122222
5 0.984375 0.059722 0.028125 0.058333
5 0.984375 0.027778 0.028125 0.055556
11 0.683594 0.068056 0.051562 0.075000
8 0.777344 0.102778 0.067187 0.105556
5 0.755469 0.043056 0.039062 0.036111
17 0.733594 0.198611 0.051562 0.113889
17 0.685937 0.488889 0.078125 0.205556
17 0.485156 0.741667 0.117188 0.288889
10 0.267969 0.934722 0.079687 0.125000
10 0.092969 0.548611 0.101562 0.086111
10 0.194531 0.463889 0.085938 0.088889
10 0.273438 0.588889 0.068750 0.166667
10 0.871875 0.140278 0.021875 0.047222
17 0.819531 0.038889 0.029687 0.061111
17 0.806250 0.023611 0.018750 0.047222
17 0.842187 0.025000 0.015625 0.050000
10 0.681250 0.101389 0.021875 0.030556