5 0.255469 0.809722 0.507812 0.375000
5 0.307031 0.551389 0.307812 0.213889
5 0.534375 0.616667 0.253125 0.344444
5 0.949219 0.693056 0.098437 0.286111
5 0.853125 0.527778 0.125000 0.172222
11 0.853906 0.426389 0.098437 0.147222
17 0.755469 0.573611 0.098437 0.263889
5 0.638281 0.509722 0.085938 0.152778
5 0.727344 0.456944 0.051562 0.102778
17 0.777344 0.419444 0.029687 0.072222
5 0.713281 0.430556 0.054688 0.077778
5 0.704688 0.412500 0.050000 0.075000
5 0.221094 0.462500 0.101562 0.086111
17 0.312500 0.429167 0.075000 0.047222
17 0.403125 0.427778 0.068750 0.066667
4 0.442188 0.372222 0.162500 0.138889