19 0.114062 0.400000 0.212500 0.283333
17 0.511719 0.645833 0.335938 0.569444
17 0.315625 0.462500 0.168750 0.308333
17 0.360938 0.326389 0.112500 0.108333
17 0.457031 0.316667 0.101562 0.105556
5 0.565625 0.461111 0.225000 0.266667
4 0.577344 0.240278 0.257812 0.230556
4 0.832812 0.498611 0.328125 0.997222
4 0.186719 0.251389 0.235937 0.336111
4 0.055469 0.222222 0.045312 0.111111
4 0.020313 0.244444 0.037500 0.077778
11 0.396094 0.241667 0.135937 0.105556
11 0.646875 0.331944 0.140625 0.302778