4 0.813281 0.644444 0.260937 0.550000
4 0.666406 0.308333 0.129688 0.194444
4 0.607031 0.206944 0.085938 0.147222
4 0.588281 0.137500 0.076563 0.113889
4 0.528906 0.173611 0.054688 0.158333
0 0.271094 0.698611 0.164062 0.436111
5 0.421094 0.538889 0.085938 0.244444
5 0.336719 0.440278 0.085938 0.158333
5 0.433594 0.358333 0.067187 0.127778
5 0.363281 0.329167 0.064062 0.119444
5 0.386719 0.247222 0.045312 0.083333
5 0.454688 0.258333 0.040625 0.088889
17 0.496875 0.240278 0.031250 0.091667
17 0.503125 0.422222 0.034375 0.127778
17 0.503906 0.331944 0.042188 0.086111
10 0.375781 0.184722 0.020313 0.025000
5 0.403906 0.202778 0.032813 0.083333
5 0.450000 0.201389 0.031250 0.075000
5 0.456250 0.169444 0.031250 0.061111
5 0.416406 0.151389 0.032813 0.058333
5 0.494531 0.156944 0.029687 0.063889
11 0.492969 0.115278 0.026562 0.075000
11 0.419531 0.098611 0.026562 0.036111
19 0.432812 0.080556 0.021875 0.050000
5 0.454688 0.123611 0.021875 0.030556
4 0.458594 0.040278 0.026562 0.063889
4 0.503125 0.030556 0.031250 0.055556
4 0.542188 0.084722 0.040625 0.080556
5 0.025000 0.793056 0.050000 0.152778
15 0.085156 0.575000 0.164062 0.188889
5 0.175781 0.418056 0.110937 0.125000
5 0.072656 0.440278 0.123438 0.130556
5 0.058594 0.372222 0.117188 0.088889
5 0.238281 0.329167 0.076563 0.102778
5 0.173437 0.318056 0.081250 0.086111
5 0.147656 0.287500 0.079687 0.091667
15 0.050781 0.306944 0.101562 0.086111
5 0.076563 0.254167 0.078125 0.058333
5 0.014844 0.266667 0.029687 0.027778
10 0.038281 0.230556 0.020313 0.027778
17 0.139844 0.220833 0.045312 0.058333
17 0.185938 0.220833 0.028125 0.080556
5 0.097656 0.206944 0.054688 0.047222
17 0.117969 0.165278 0.029687 0.047222
17 0.147656 0.159722 0.023438 0.047222
17 0.160156 0.159722 0.023438 0.047222
5 0.188281 0.165278 0.045312 0.047222
17 0.234375 0.181944 0.034375 0.052778
5 0.283594 0.251389 0.057813 0.069444
19 0.307031 0.191667 0.051562 0.077778
5 0.273438 0.186111 0.037500 0.072222
5 0.348438 0.134722 0.034375 0.041667
15 0.304688 0.137500 0.037500 0.041667
17 0.266406 0.137500 0.029687 0.030556
5 0.260156 0.104167 0.026562 0.019444
5 0.363281 0.109722 0.020313 0.041667
5 0.341406 0.100000 0.010937 0.033333
5 0.380469 0.081944 0.023438 0.030556
4 0.267188 0.056944 0.050000 0.036111
5 0.308594 0.062500 0.014063 0.019444
5 0.434375 0.044444 0.015625 0.033333