5 0.335156 0.726389 0.670312 0.536111
19 0.513281 0.450000 0.348438 0.305556
5 0.183594 0.451389 0.304688 0.175000
5 0.099219 0.595833 0.198437 0.269444
5 0.858594 0.355556 0.085938 0.111111
5 0.061719 0.352778 0.089063 0.094444
4 0.050781 0.291667 0.095312 0.105556
4 0.409375 0.284722 0.209375 0.108333
17 0.785156 0.476389 0.157812 0.263889
17 0.750781 0.404167 0.120313 0.175000
17 0.942969 0.365278 0.107813 0.163889
17 0.750781 0.305556 0.070312 0.038889
17 0.667188 0.329167 0.056250 0.097222
17 0.862500 0.287500 0.053125 0.047222
17 0.223438 0.352778 0.121875 0.116667
17 0.333594 0.352778 0.104688 0.122222
17 0.404687 0.340278 0.053125 0.102778
17 0.600781 0.287500 0.070312 0.030556