17 0.089063 0.225000 0.140625 0.066667
17 0.127344 0.290278 0.254688 0.097222
17 0.325781 0.233333 0.114062 0.094444
17 0.828125 0.523611 0.337500 0.475000
17 0.706250 0.422222 0.206250 0.377778
17 0.235156 0.604167 0.470313 0.647222
17 0.501563 0.297222 0.150000 0.200000
17 0.625000 0.290278 0.109375 0.197222
17 0.446094 0.229167 0.070312 0.091667
5 0.918750 0.351389 0.159375 0.208333
17 0.757812 0.237500 0.103125 0.063889
17 0.889062 0.262500 0.112500 0.086111
17 0.953906 0.250000 0.085938 0.088889
4 0.732812 0.180556 0.106250 0.083333
4 0.946094 0.173611 0.101562 0.097222
17 0.819531 0.252778 0.029687 0.088889
5 0.260156 0.237500 0.042188 0.075000
5 0.389062 0.362500 0.250000 0.230556