4 0.096094 0.129167 0.192188 0.241667
4 0.199219 0.156944 0.045312 0.130556
4 0.377344 0.119444 0.176563 0.177778
4 0.500781 0.141667 0.067187 0.077778
4 0.636719 0.116667 0.101562 0.077778
4 0.750000 0.088889 0.068750 0.077778
4 0.964844 0.184722 0.067187 0.230556
17 0.471875 0.826389 0.265625 0.325000
17 0.700781 0.595833 0.123438 0.297222
10 0.863281 0.562500 0.051562 0.136111
5 0.035937 0.529167 0.071875 0.241667
5 0.375781 0.622222 0.307812 0.338889
5 0.209375 0.537500 0.275000 0.286111
5 0.255469 0.394444 0.223438 0.166667
5 0.241406 0.340278 0.198437 0.147222
5 0.437500 0.406944 0.187500 0.163889
5 0.761719 0.462500 0.145313 0.213889
15 0.613281 0.398611 0.164062 0.225000
5 0.046094 0.269444 0.089063 0.061111
15 0.140625 0.245833 0.106250 0.086111
5 0.236719 0.269444 0.145313 0.094444
15 0.364844 0.220833 0.120313 0.091667
5 0.292969 0.226389 0.073438 0.075000
5 0.250781 0.198611 0.070312 0.041667
5 0.252344 0.395833 0.226562 0.136111
5 0.482812 0.318056 0.153125 0.130556
5 0.474219 0.261111 0.132812 0.077778
17 0.578906 0.268056 0.070312 0.108333
17 0.878125 0.308333 0.050000 0.122222
17 0.856250 0.268056 0.043750 0.125000
17 0.793750 0.227778 0.040625 0.077778
5 0.801562 0.293056 0.075000 0.108333
5 0.721875 0.326389 0.081250 0.136111
5 0.688281 0.266667 0.098437 0.061111
5 0.650781 0.251389 0.079687 0.075000
5 0.599219 0.213889 0.076563 0.083333
5 0.709375 0.225000 0.065625 0.072222
5 0.664062 0.193056 0.046875 0.041667
10 0.763281 0.219444 0.017188 0.055556
19 0.839063 0.200000 0.053125 0.088889
5 0.919531 0.227778 0.032813 0.077778
5 0.906250 0.173611 0.040625 0.041667
5 0.881250 0.225000 0.040625 0.061111
9 0.403125 0.177778 0.081250 0.061111
9 0.732812 0.179167 0.059375 0.080556
5 0.778906 0.191667 0.039062 0.061111
5 0.936719 0.140278 0.023438 0.036111
5 0.914844 0.134722 0.014063 0.030556
9 0.636719 0.165278 0.048438 0.058333
5 0.469531 0.204167 0.082812 0.052778
5 0.546875 0.188889 0.053125 0.038889
5 0.503125 0.177778 0.043750 0.022222
4 0.820312 0.098611 0.043750 0.036111