4 0.491406 0.100000 0.123438 0.094444
4 0.646875 0.143056 0.168750 0.102778
4 0.864844 0.180556 0.264062 0.244444
19 0.943750 0.504167 0.109375 0.447222
17 0.907813 0.412500 0.171875 0.336111
17 0.959375 0.234722 0.078125 0.069444
17 0.894531 0.331944 0.167187 0.247222
17 0.580469 0.681944 0.585938 0.630556
17 0.140625 0.656944 0.281250 0.675000
17 0.155469 0.412500 0.307812 0.363889
17 0.039844 0.227778 0.079687 0.061111
17 0.540625 0.368056 0.290625 0.213889
17 0.667969 0.326389 0.176563 0.175000
17 0.695312 0.308333 0.181250 0.205556
19 0.748437 0.240278 0.125000 0.163889
17 0.504687 0.262500 0.187500 0.091667
5 0.392969 0.276389 0.139063 0.152778
17 0.170313 0.213889 0.153125 0.061111
4 0.444531 0.134722 0.073438 0.063889
17 0.527344 0.161111 0.042188 0.044444