17 0.114062 0.355556 0.228125 0.261111
4 0.021094 0.168056 0.042188 0.080556
4 0.097656 0.181944 0.126562 0.130556
4 0.204687 0.154167 0.043750 0.058333
5 0.219531 0.226389 0.020313 0.058333
4 0.517969 0.205556 0.429688 0.205556
17 0.357031 0.365278 0.229687 0.269444
17 0.378125 0.394444 0.262500 0.283333
17 0.546875 0.327778 0.156250 0.200000
17 0.653906 0.326389 0.120313 0.202778
17 0.808594 0.455556 0.301563 0.361111
17 0.718750 0.379167 0.209375 0.263889
17 0.812500 0.265278 0.153125 0.091667
17 0.964063 0.337500 0.068750 0.225000
10 0.333594 0.787500 0.432812 0.413889
20 0.377344 0.659722 0.501563 0.380556
19 0.076563 0.223611 0.150000 0.091667