4 0.902344 0.725000 0.189062 0.500000
4 0.560156 0.559722 0.339062 0.436111
4 0.212500 0.270833 0.218750 0.280556
4 0.077344 0.163889 0.073438 0.150000
4 0.046875 0.081944 0.093750 0.091667
4 0.235156 0.045833 0.045312 0.030556
17 0.749219 0.869444 0.198437 0.255556
5 0.434375 0.781944 0.225000 0.263889
5 0.210156 0.506944 0.132812 0.175000
17 0.252344 0.437500 0.076563 0.152778
19 0.101562 0.365278 0.106250 0.158333
5 0.033594 0.287500 0.064062 0.091667
11 0.041406 0.212500 0.076563 0.091667
17 0.163281 0.345833 0.042188 0.119444
17 0.260156 0.436111 0.082812 0.144444
17 0.353125 0.290278 0.046875 0.108333
17 0.708594 0.518056 0.089063 0.180556
5 0.446094 0.323611 0.101562 0.102778
5 0.387500 0.398611 0.031250 0.108333
14 0.371094 0.344444 0.023438 0.066667
5 0.165625 0.118056 0.046875 0.036111
5 0.149219 0.101389 0.051562 0.052778
5 0.220312 0.097222 0.059375 0.044444