3 0.760156 0.808333 0.198437 0.377778
3 0.189844 0.894444 0.379688 0.205556
17 0.082031 0.340278 0.160938 0.336111
17 0.321875 0.343056 0.253125 0.308333
17 0.580469 0.356944 0.270313 0.336111
5 0.861719 0.454167 0.267188 0.391667
5 0.863281 0.329167 0.254688 0.236111
17 0.967969 0.215278 0.060937 0.102778
17 0.914062 0.169444 0.046875 0.077778
17 0.825000 0.244444 0.150000 0.188889
17 0.767188 0.240278 0.090625 0.202778
4 0.967187 0.106944 0.062500 0.147222
17 0.503906 0.252778 0.123438 0.205556
17 0.585156 0.190278 0.164062 0.052778
17 0.609375 0.161111 0.103125 0.044444
17 0.274219 0.283333 0.167187 0.250000
17 0.102344 0.190278 0.164062 0.075000
4 0.128906 0.134722 0.257812 0.175000
17 0.608594 0.151389 0.092188 0.063889
13 0.331250 0.141667 0.021875 0.050000
13 0.354687 0.145833 0.025000 0.052778
13 0.382812 0.147222 0.025000 0.066667
13 0.456250 0.152778 0.031250 0.061111
13 0.521875 0.150000 0.028125 0.033333