11 0.453125 0.972222 0.025000 0.038889
4 0.472656 0.904167 0.023438 0.080556
4 0.453125 0.847222 0.018750 0.072222
4 0.476562 0.804167 0.021875 0.058333
4 0.455469 0.738889 0.020313 0.050000
4 0.417969 0.618056 0.014063 0.041667
4 0.409375 0.483333 0.006250 0.016667
15 0.484375 0.847222 0.015625 0.027778
10 0.440625 0.772222 0.006250 0.016667
10 0.438281 0.729167 0.004687 0.013889
17 0.429688 0.791667 0.009375 0.022222
17 0.432031 0.722222 0.007812 0.022222
13 0.417969 0.643056 0.007812 0.019444
13 0.428906 0.630556 0.004687 0.011111
5 0.433594 0.641667 0.007812 0.016667
5 0.414844 0.548611 0.007812 0.013889
11 0.408594 0.502778 0.007812 0.016667
5 0.396094 0.494444 0.004687 0.011111