4 0.463281 0.933333 0.032813 0.127778
4 0.436719 0.831944 0.032813 0.125000
4 0.436719 0.708333 0.035937 0.077778
4 0.442969 0.615278 0.023438 0.063889
4 0.407813 0.616667 0.018750 0.066667
4 0.429688 0.573611 0.018750 0.058333
4 0.368750 0.409722 0.015625 0.047222
4 0.356250 0.273611 0.009375 0.019444
13 0.488281 0.988889 0.010937 0.011111
5 0.489844 0.915278 0.023438 0.047222
17 0.478125 0.872222 0.015625 0.038889
11 0.460156 0.797222 0.026562 0.044444
13 0.422656 0.658333 0.007812 0.016667
10 0.421875 0.625000 0.003125 0.011111
10 0.392969 0.537500 0.004687 0.013889
10 0.389844 0.484722 0.004687 0.013889
17 0.385156 0.598611 0.010937 0.025000
17 0.382812 0.562500 0.009375 0.019444
13 0.374219 0.443056 0.007812 0.019444
13 0.382031 0.436111 0.004687 0.016667
5 0.389844 0.447222 0.010937 0.016667
5 0.380469 0.395833 0.010937 0.013889
11 0.357031 0.298611 0.007812 0.019444
5 0.341406 0.270833 0.004687 0.008333
5 0.356250 0.236111 0.003125 0.005556