10 0.622656 0.756944 0.707812 0.475000
2 0.071094 0.370833 0.085938 0.158333
13 0.013281 0.388889 0.023438 0.127778
13 0.227344 0.336111 0.054688 0.105556
13 0.322656 0.323611 0.045312 0.108333
2 0.356250 0.301389 0.043750 0.075000
4 0.460938 0.265278 0.062500 0.086111
5 0.509375 0.291667 0.025000 0.038889
5 0.595313 0.301389 0.087500 0.063889
5 0.527344 0.281944 0.020313 0.019444
18 0.620313 0.261111 0.084375 0.055556
2 0.697656 0.301389 0.045312 0.063889
13 0.732812 0.318056 0.059375 0.086111
4 0.749219 0.268056 0.151562 0.086111
4 0.939844 0.284722 0.117188 0.086111