5 0.488281 0.912500 0.023438 0.047222
5 0.393750 0.456944 0.009375 0.019444
5 0.380469 0.395833 0.007812 0.013889
5 0.349219 0.287500 0.004687 0.008333
4 0.464844 0.943056 0.035937 0.102778
4 0.440625 0.854167 0.034375 0.125000
17 0.472656 0.856944 0.014063 0.036111
11 0.450781 0.793056 0.029687 0.041667
4 0.435156 0.709722 0.029687 0.075000
4 0.412500 0.634722 0.018750 0.063889
4 0.444531 0.623611 0.023438 0.063889
4 0.431250 0.580556 0.021875 0.055556
13 0.426563 0.659722 0.006250 0.013889
10 0.427344 0.626389 0.004687 0.019444
17 0.396094 0.593056 0.010937 0.025000
17 0.386719 0.581944 0.007812 0.025000
13 0.495312 0.981944 0.012500 0.025000
10 0.396094 0.527778 0.004687 0.016667
10 0.396094 0.479167 0.004687 0.013889
13 0.378906 0.456944 0.004687 0.019444
4 0.372656 0.425000 0.014063 0.044444
4 0.361719 0.287500 0.007812 0.019444