11 0.457031 0.966667 0.032813 0.038889
4 0.470313 0.886111 0.025000 0.077778
4 0.450000 0.827778 0.018750 0.072222
4 0.478125 0.793056 0.021875 0.058333
4 0.460938 0.734722 0.021875 0.052778
15 0.483594 0.841667 0.014063 0.027778
17 0.426563 0.770833 0.009375 0.025000
17 0.432031 0.729167 0.007812 0.019444
10 0.446875 0.776389 0.006250 0.019444
10 0.442969 0.737500 0.004687 0.019444
10 0.429688 0.659722 0.003125 0.013889
5 0.432031 0.629167 0.007812 0.013889
4 0.414844 0.601389 0.014063 0.041667
13 0.420312 0.631944 0.006250 0.019444
5 0.414844 0.548611 0.007812 0.013889
5 0.393750 0.476389 0.006250 0.008333
4 0.407813 0.469444 0.006250 0.016667
11 0.403906 0.487500 0.007812 0.019444