2 0.052344 0.925497 0.079687 0.129139
2 0.142187 0.892384 0.078125 0.115894
3 0.057031 0.842715 0.039062 0.036424
3 0.154688 0.793046 0.031250 0.036424
10 0.188281 0.793046 0.029687 0.043046
10 0.199219 0.788079 0.026562 0.039735
10 0.205469 0.773179 0.032813 0.049669
10 0.203906 0.728477 0.014063 0.033113
10 0.253906 0.700331 0.014063 0.023179
5 0.235937 0.735099 0.050000 0.059603
3 0.258594 0.683775 0.020313 0.023179
13 0.373437 0.680464 0.015625 0.049669
9 0.402344 0.657285 0.039062 0.049669
17 0.382812 0.620861 0.012500 0.029801
4 0.426563 0.589404 0.028125 0.059603
10 0.457031 0.596026 0.004687 0.026490
13 0.476562 0.571192 0.006250 0.023179
3 0.487500 0.551325 0.003125 0.016556
4 0.472656 0.543046 0.010937 0.026490
5 0.470313 0.721854 0.031250 0.059603
2 0.535156 0.804636 0.029687 0.119205
13 0.592969 0.821192 0.026562 0.105960
13 0.582031 0.754967 0.023438 0.079470
13 0.567969 0.741722 0.014063 0.072848
13 0.565625 0.701987 0.015625 0.033113
13 0.539844 0.683775 0.014063 0.062914
13 0.537500 0.650662 0.012500 0.043046
3 0.525781 0.715232 0.007812 0.039735
1 0.761719 0.900662 0.089063 0.165563
10 0.733594 0.811258 0.032813 0.039735
10 0.725781 0.801325 0.042188 0.033113
10 0.707031 0.784768 0.026562 0.039735
10 0.689844 0.776490 0.010937 0.036424
10 0.667969 0.730132 0.023438 0.016556
5 0.610938 0.745033 0.031250 0.072848
5 0.587500 0.701987 0.021875 0.033113
5 0.634375 0.706954 0.068750 0.049669
5 0.595313 0.687086 0.046875 0.023179
19 0.610156 0.663907 0.067187 0.036424
0 0.596875 0.605960 0.015625 0.039735
11 0.571875 0.632450 0.021875 0.066225
19 0.572656 0.566225 0.010937 0.026490
2 0.542969 0.562914 0.007812 0.026490
4 0.524219 0.543046 0.010937 0.039735
13 0.553906 0.539735 0.004687 0.013245
11 0.533594 0.538079 0.004687 0.016556
10 0.539844 0.506623 0.001563 0.006623
13 0.552344 0.556291 0.007812 0.019868