2 0.065625 0.818560 0.128125 0.218837
2 0.226562 0.731302 0.096875 0.188366
10 0.120313 0.678670 0.053125 0.066482
10 0.136719 0.563712 0.045312 0.058172
5 0.203906 0.573407 0.098437 0.099723
13 0.321875 0.596953 0.046875 0.141274
13 0.324219 0.506925 0.035937 0.027701
13 0.456250 0.498615 0.031250 0.094183
13 0.526563 0.430748 0.025000 0.063712
13 0.495312 0.443213 0.031250 0.077562
13 0.496875 0.375346 0.021875 0.047091
2 0.470313 0.470914 0.037500 0.088643
19 0.421875 0.404432 0.053125 0.088643
17 0.456250 0.372576 0.025000 0.052632
3 0.050781 0.680055 0.067187 0.052632
10 0.607812 0.437673 0.018750 0.072022
2 0.595313 0.344875 0.006250 0.058172
5 0.555469 0.290859 0.045312 0.033241
13 0.606250 0.311634 0.015625 0.041551
13 0.634375 0.306094 0.015625 0.047091
4 0.621094 0.268698 0.039062 0.077562
4 0.607031 0.232687 0.032813 0.038781
18 0.718750 0.476454 0.081250 0.221607
18 0.772656 0.202216 0.020313 0.038781
5 0.725000 0.213296 0.012500 0.016620
5 0.722656 0.196676 0.007812 0.011080
5 0.722656 0.181440 0.007812 0.013850
2 0.738281 0.198061 0.007812 0.019391
11 0.796875 0.243767 0.015625 0.027701
3 0.761719 0.253463 0.007812 0.019391
3 0.759375 0.239612 0.003125 0.013850
13 0.775000 0.290859 0.015625 0.044321
13 0.780469 0.282548 0.010937 0.038781
13 0.785156 0.380886 0.020313 0.074792
13 0.808594 0.373961 0.020313 0.072022
13 0.826562 0.523546 0.034375 0.110803
13 0.850000 0.610803 0.043750 0.152355
13 0.886719 0.555402 0.032813 0.108033
13 0.915625 0.542936 0.031250 0.127424
13 0.939844 0.847645 0.067187 0.254848
13 0.978125 0.635734 0.040625 0.157895
5 0.968750 0.512465 0.059375 0.072022
19 0.954688 0.470914 0.087500 0.094183
11 0.875781 0.407202 0.048438 0.116343
0 0.907813 0.358726 0.037500 0.069252
19 0.882812 0.333795 0.018750 0.036011
19 0.834375 0.288089 0.025000 0.044321
19 0.825000 0.271468 0.015625 0.033241
2 0.808594 0.301939 0.020313 0.049861