4 0.452344 0.945833 0.032813 0.097222
4 0.448437 0.798611 0.025000 0.075000
4 0.456250 0.713889 0.025000 0.061111
4 0.426563 0.734722 0.018750 0.069444
4 0.439844 0.665278 0.020313 0.058333
4 0.389844 0.519444 0.014063 0.044444
4 0.380469 0.386111 0.007812 0.022222
5 0.367969 0.388889 0.004687 0.011111
5 0.394531 0.479167 0.007812 0.013889
5 0.408594 0.550000 0.007812 0.016667
13 0.396094 0.550000 0.004687 0.016667
17 0.403125 0.683333 0.009375 0.022222
17 0.411719 0.665278 0.007812 0.025000
10 0.425781 0.681944 0.004687 0.019444
10 0.407031 0.598611 0.004687 0.013889
10 0.416406 0.565278 0.004687 0.013889
13 0.442188 0.747222 0.009375 0.022222
15 0.461719 0.768056 0.014063 0.030556
11 0.446094 0.880556 0.032813 0.038889
17 0.478906 0.938889 0.014063 0.038889
5 0.492188 0.979167 0.018750 0.030556