10 0.788281 0.932099 0.101562 0.082892
13 0.614844 0.937390 0.070312 0.118166
13 0.314844 0.809524 0.051562 0.102293
13 0.270313 0.761905 0.040625 0.074074
2 0.524219 0.887125 0.098437 0.112875
5 0.702344 0.895062 0.176563 0.093474
5 0.622656 0.831570 0.164062 0.075838
19 0.570312 0.784832 0.168750 0.081129
5 0.310156 0.727513 0.060937 0.061728
14 0.360938 0.762787 0.031250 0.044092
10 0.392188 0.711640 0.028125 0.029982
2 0.328906 0.685185 0.035937 0.051146
4 0.253906 0.634039 0.120313 0.128748
11 0.342969 0.625220 0.054688 0.061728