5 0.116406 0.729911 0.189062 0.209821
18 0.570312 0.776786 0.400000 0.415179
2 0.903906 0.741071 0.182812 0.214286
17 0.930469 0.610491 0.132812 0.109375
13 0.712500 0.660714 0.103125 0.218750
13 0.432031 0.431920 0.067187 0.149554
13 0.333594 0.352679 0.067187 0.129464
13 0.207031 0.323661 0.039062 0.129464
13 0.028125 0.130580 0.025000 0.069196
19 0.584375 0.527902 0.168750 0.225446
10 0.725781 0.514509 0.035937 0.064732
5 0.525000 0.396205 0.131250 0.095982
5 0.446875 0.331473 0.156250 0.082589
5 0.277344 0.302455 0.079687 0.095982
19 0.399219 0.281250 0.142187 0.089286
2 0.213281 0.272321 0.045312 0.107143
2 0.123438 0.145089 0.021875 0.075893
2 0.090625 0.121652 0.037500 0.073661
3 0.088281 0.168527 0.014063 0.037946
3 0.064062 0.116071 0.015625 0.035714
13 0.213281 0.073661 0.026562 0.040179
10 0.217188 0.167411 0.028125 0.035714
10 0.211719 0.207589 0.032813 0.022321