2 0.067969 0.417939 0.048438 0.164122
10 0.117969 0.343511 0.026562 0.122137
3 0.039062 0.152672 0.012500 0.068702
19 0.028906 0.131679 0.048438 0.072519
13 0.096875 0.198473 0.050000 0.076336
13 0.089063 0.154580 0.028125 0.064885
13 0.350781 0.320611 0.023438 0.122137
18 0.336719 0.198473 0.076563 0.114504
11 0.396094 0.166031 0.023438 0.080153
2 0.377344 0.417939 0.051562 0.179389
13 0.376563 0.122137 0.015625 0.053435
2 0.378906 0.263359 0.026562 0.114504
2 0.403906 0.293893 0.032813 0.099237
10 0.464062 0.284351 0.025000 0.057252
5 0.527344 0.490458 0.073438 0.156489
13 0.588281 0.543893 0.057813 0.164122
19 0.652344 0.433206 0.148438 0.156489
5 0.707031 0.509542 0.164062 0.125954
5 0.797656 0.631679 0.151562 0.171756
13 0.703906 0.675573 0.073438 0.244275
2 0.622656 0.767176 0.107813 0.328244
2 0.820312 0.872137 0.159375 0.232824
19 0.894531 0.816794 0.204687 0.343511