13 0.042188 0.693727 0.050000 0.214022
13 0.651563 0.704797 0.053125 0.206642
13 0.532031 0.597786 0.042188 0.154982
5 0.118750 0.570111 0.062500 0.121771
5 0.013281 0.549815 0.026562 0.118081
5 0.057813 0.457565 0.050000 0.088561
5 0.074219 0.400369 0.042188 0.055351
5 0.697656 0.599631 0.132812 0.099631
5 0.659375 0.520295 0.112500 0.095941
19 0.628906 0.457565 0.114062 0.110701
4 0.446875 0.409594 0.106250 0.361624
2 0.188281 0.457565 0.032813 0.110701
2 0.258594 0.326568 0.020313 0.077491
13 0.167969 0.381919 0.020313 0.084871
13 0.157812 0.348708 0.015625 0.077491
2 0.123438 0.232472 0.015625 0.044280
2 0.150781 0.173432 0.014063 0.029520
2 0.130469 0.182657 0.010937 0.033210
13 0.155469 0.228782 0.017188 0.036900
13 0.170313 0.223247 0.012500 0.040590
3 0.188281 0.295203 0.004687 0.029520
3 0.180469 0.311808 0.004687 0.033210
2 0.120313 0.188192 0.012500 0.029520
4 0.168750 0.132841 0.040625 0.036900
11 0.364844 0.363469 0.051562 0.166052
2 0.761719 0.857934 0.123438 0.247232
10 0.760938 0.671587 0.065625 0.095941
10 0.517969 0.354244 0.014063 0.036900
10 0.494531 0.245387 0.007812 0.033210
2 0.499219 0.230627 0.029687 0.040590
10 0.508594 0.415129 0.007812 0.070111