10 0.587500 0.762500 0.800000 0.469444
4 0.074219 0.388889 0.148438 0.100000
17 0.245312 0.393056 0.021875 0.030556
13 0.272656 0.388889 0.010937 0.027778
4 0.332031 0.358333 0.092188 0.100000
4 0.405469 0.358333 0.039062 0.061111
4 0.427344 0.345833 0.007812 0.019444
17 0.460156 0.373611 0.010937 0.025000
12 0.438281 0.369444 0.023438 0.033333
5 0.532031 0.372222 0.010937 0.016667
4 0.546875 0.365278 0.012500 0.030556
17 0.564063 0.375000 0.009375 0.016667
5 0.583594 0.372222 0.014063 0.016667
7 0.652344 0.373611 0.026562 0.036111
4 0.614844 0.365278 0.042188 0.030556
13 0.609375 0.373611 0.006250 0.019444
13 0.687500 0.380556 0.012500 0.033333
13 0.672656 0.376389 0.010937 0.025000
10 0.769531 0.393056 0.023438 0.025000
10 0.753906 0.384722 0.010937 0.030556