5 0.246094 0.965232 0.067187 0.049669
5 0.262500 0.902318 0.059375 0.096026
5 0.280469 0.857616 0.048438 0.079470
5 0.313281 0.781457 0.035937 0.072848
5 0.317188 0.738411 0.028125 0.033113
13 0.356250 0.700331 0.012500 0.056291
13 0.380469 0.682119 0.014063 0.052980
13 0.402344 0.647351 0.010937 0.036424
13 0.410938 0.627483 0.009375 0.029801
13 0.392969 0.620861 0.007812 0.029801
13 0.347656 0.612583 0.007812 0.026490
13 0.343750 0.597682 0.006250 0.023179
13 0.330469 0.610927 0.020313 0.023179
2 0.361719 0.645695 0.017188 0.039735
2 0.431250 0.665563 0.015625 0.046358
2 0.378125 0.625828 0.009375 0.033113
2 0.364844 0.614238 0.010937 0.023179
19 0.387500 0.599338 0.015625 0.026490
3 0.396094 0.690397 0.004687 0.029801
18 0.573438 0.778146 0.056250 0.125828
3 0.532031 0.658940 0.017188 0.019868
13 0.600000 0.652318 0.015625 0.039735
13 0.612500 0.774834 0.015625 0.079470
2 0.608594 0.705298 0.014063 0.052980
2 0.613281 0.663907 0.007812 0.029801
2 0.638281 0.784768 0.029687 0.079470
10 0.657031 0.764901 0.014063 0.039735
10 0.658594 0.718543 0.014063 0.026490
5 0.695312 0.827815 0.043750 0.079470
5 0.852344 0.902318 0.089063 0.089404
5 0.803125 0.847682 0.096875 0.072848
19 0.772656 0.793046 0.082812 0.069536
13 0.730469 0.855960 0.035937 0.089404
13 0.796875 0.925497 0.043750 0.129139
19 0.885938 0.951987 0.084375 0.076159