2 0.158594 0.958333 0.129688 0.063725
2 0.291406 0.958333 0.145313 0.063725
2 0.307031 0.920752 0.139063 0.063725
3 0.135156 0.933007 0.067187 0.035948
3 0.330469 0.878268 0.073438 0.027778
10 0.399219 0.876634 0.067187 0.047386
10 0.428125 0.868464 0.050000 0.044118
10 0.431250 0.807190 0.040625 0.039216
13 0.484375 0.883987 0.062500 0.081699
5 0.495312 0.817810 0.103125 0.063725
10 0.589063 0.867647 0.028125 0.049020
10 0.529687 0.781863 0.028125 0.024510
3 0.535156 0.761438 0.042188 0.022876
2 0.636719 0.861111 0.070312 0.094771
5 0.690625 0.769608 0.065625 0.049020
19 0.732812 0.720588 0.034375 0.049020
13 0.796875 0.721405 0.012500 0.044118
18 0.889062 0.754902 0.075000 0.081699
4 0.879687 0.672386 0.065625 0.070261
2 0.971094 0.677288 0.014063 0.034314
5 0.919531 0.655229 0.010937 0.019608
4 0.964063 0.628268 0.031250 0.031046