10 0.040625 0.834437 0.078125 0.079470
10 0.028906 0.680464 0.035937 0.056291
10 0.189844 0.600993 0.029687 0.043046
10 0.492188 0.524834 0.012500 0.049669
2 0.116406 0.738411 0.064062 0.139073
2 0.176563 0.692053 0.059375 0.139073
2 0.250000 0.640728 0.043750 0.109272
13 0.263281 0.695364 0.035937 0.112583
13 0.294531 0.567881 0.020313 0.076159
10 0.207813 0.546358 0.018750 0.033113
5 0.238281 0.552980 0.045312 0.059603
3 0.166406 0.612583 0.032813 0.039735
13 0.357031 0.491722 0.014063 0.049669
13 0.377344 0.491722 0.014063 0.049669
13 0.375781 0.447020 0.007812 0.026490
19 0.343750 0.463576 0.025000 0.046358
17 0.358594 0.445364 0.010937 0.029801
2 0.388281 0.478477 0.017188 0.043046
2 0.431250 0.415563 0.009375 0.029801
5 0.406250 0.399007 0.021875 0.016556
4 0.438281 0.390728 0.017188 0.046358
4 0.431250 0.369205 0.015625 0.023179
10 0.442188 0.450331 0.006250 0.033113
13 0.614844 0.877483 0.048438 0.211921
13 0.638281 0.748344 0.032813 0.145695
13 0.573438 0.662252 0.028125 0.112583
13 0.605469 0.599338 0.020313 0.086093
13 0.547656 0.561258 0.026562 0.069536
13 0.562500 0.548013 0.012500 0.056291
13 0.521875 0.488411 0.012500 0.043046
13 0.525000 0.463576 0.006250 0.026490
18 0.471875 0.649007 0.068750 0.238411
5 0.792969 0.892384 0.107813 0.195364
1 0.808594 0.728477 0.092188 0.152318
10 0.768750 0.663907 0.031250 0.043046
10 0.722656 0.619205 0.029687 0.039735
10 0.738281 0.625828 0.032813 0.033113
10 0.752344 0.639073 0.032813 0.039735
10 0.714844 0.609272 0.035937 0.039735
10 0.682813 0.576159 0.028125 0.033113
10 0.670312 0.569536 0.031250 0.026490
10 0.668750 0.561258 0.031250 0.023179
5 0.617969 0.576159 0.035937 0.072848
5 0.633594 0.536424 0.070312 0.046358
5 0.611719 0.523179 0.054688 0.039735
19 0.602344 0.508278 0.070312 0.062914
11 0.557031 0.466887 0.023438 0.066225
0 0.572656 0.442053 0.017188 0.043046
19 0.560156 0.428808 0.007812 0.023179
19 0.538281 0.403974 0.010937 0.026490
19 0.534375 0.394040 0.009375 0.019868
2 0.525781 0.410596 0.007812 0.026490
13 0.513281 0.412252 0.007812 0.023179
13 0.511719 0.407285 0.007812 0.026490
11 0.519531 0.375828 0.007812 0.016556
3 0.505469 0.387417 0.001563 0.013245
3 0.497656 0.375828 0.001563 0.009934
18 0.509375 0.352649 0.009375 0.023179
5 0.487500 0.365894 0.006250 0.009934
5 0.486719 0.357616 0.004687 0.006623
5 0.485938 0.344371 0.003125 0.006623
2 0.495312 0.352649 0.003125 0.009934
10 0.489844 0.352649 0.001563 0.009934
19 0.517969 0.360927 0.004687 0.013245