5 0.133594 0.575809 0.264062 0.255537
5 0.244531 0.492334 0.270313 0.136286
5 0.147656 0.418228 0.201563 0.093697
10 0.590625 0.475298 0.078125 0.105622
10 0.796094 0.426746 0.023438 0.045997
10 0.674219 0.455707 0.035937 0.083475
10 0.625781 0.392675 0.017188 0.035775
3 0.961719 0.459114 0.039062 0.076661
3 0.868750 0.443782 0.021875 0.042589
13 0.908594 0.403748 0.029687 0.047700
13 0.845313 0.400341 0.028125 0.047700
13 0.830469 0.392675 0.017188 0.035775
13 0.803125 0.390119 0.018750 0.037479
13 0.768750 0.407155 0.065625 0.061329
13 0.737500 0.396934 0.031250 0.057922
13 0.096094 0.373083 0.048438 0.037479
5 0.044531 0.379898 0.079687 0.037479
5 0.425000 0.377342 0.053125 0.039182
10 0.307812 0.391823 0.056250 0.044293
10 0.408594 0.381601 0.020313 0.037479
17 0.489063 0.428450 0.112500 0.103918
13 0.523438 0.371380 0.018750 0.013629
13 0.644531 0.406303 0.054688 0.066440