1 0.799219 0.907285 0.089063 0.165563
13 0.623437 0.821192 0.028125 0.105960
13 0.558594 0.715232 0.017188 0.066225
13 0.613281 0.754967 0.020313 0.072848
13 0.565625 0.614238 0.009375 0.036424
13 0.560156 0.571192 0.007812 0.023179
2 0.588281 0.771523 0.029687 0.105960
2 0.534375 0.705298 0.021875 0.079470
2 0.556250 0.658940 0.015625 0.039735
2 0.553906 0.615894 0.010937 0.039735
5 0.635938 0.745033 0.031250 0.072848
10 0.765625 0.824503 0.040625 0.033113
10 0.753906 0.798013 0.039062 0.039735
10 0.741406 0.793046 0.042188 0.043046
10 0.730469 0.779801 0.039062 0.043046
10 0.692969 0.731788 0.023438 0.026490
5 0.657031 0.713576 0.070312 0.056291
5 0.636719 0.697020 0.054688 0.043046
5 0.539062 0.577815 0.012500 0.023179
5 0.535156 0.556291 0.007812 0.013245
11 0.589844 0.629139 0.023438 0.066225
19 0.630469 0.668874 0.070312 0.052980
0 0.613281 0.609272 0.017188 0.046358
19 0.524219 0.605960 0.017188 0.039735
19 0.585156 0.566225 0.010937 0.026490
13 0.557031 0.533113 0.004687 0.013245
19 0.542969 0.519868 0.007812 0.013245
18 0.548438 0.501656 0.006250 0.016556
11 0.574219 0.539735 0.007812 0.013245
13 0.567969 0.538079 0.004687 0.016556
13 0.553125 0.529801 0.003125 0.013245
18 0.567969 0.518212 0.007812 0.016556
10 0.034375 0.832781 0.025000 0.056291
2 0.097656 0.894040 0.060937 0.139073
2 0.162500 0.889073 0.065625 0.135762
2 0.168750 0.821192 0.071875 0.066225
13 0.254688 0.781457 0.031250 0.079470
10 0.214062 0.774834 0.031250 0.046358
3 0.181250 0.771523 0.034375 0.033113
10 0.229687 0.711921 0.018750 0.033113
5 0.257031 0.718543 0.045312 0.059603
2 0.339844 0.731788 0.026562 0.079470
5 0.353125 0.675497 0.031250 0.046358
19 0.373437 0.627483 0.015625 0.043046
13 0.406250 0.629139 0.006250 0.046358
4 0.443750 0.579470 0.031250 0.066225
5 0.463281 0.566225 0.004687 0.019868
5 0.521094 0.539735 0.007812 0.013245