10 0.627344 0.787500 0.701562 0.391667
10 0.021875 0.568056 0.043750 0.208333
10 0.471875 0.388889 0.031250 0.105556
10 0.535156 0.366667 0.007812 0.038889
10 0.403906 0.372222 0.014063 0.050000
11 0.404687 0.354167 0.043750 0.063889
17 0.115625 0.436111 0.150000 0.211111
13 0.232031 0.398611 0.060937 0.113889
5 0.222656 0.398611 0.082812 0.091667
3 0.302344 0.409722 0.035937 0.075000
13 0.373437 0.361111 0.015625 0.033333
3 0.440625 0.369444 0.009375 0.044444
13 0.503125 0.370833 0.025000 0.063889
13 0.482812 0.369444 0.015625 0.061111
13 0.518750 0.361111 0.012500 0.038889
5 0.557813 0.365278 0.021875 0.030556
9 0.528906 0.355556 0.007812 0.016667
4 0.651563 0.336111 0.031250 0.022222
13 0.940625 0.423611 0.056250 0.113889