5 0.366406 0.964410 0.157812 0.060764
5 0.437500 0.901910 0.134375 0.092014
5 0.507031 0.851562 0.089063 0.071181
5 0.593750 0.786458 0.071875 0.062500
5 0.615625 0.743056 0.059375 0.045139
13 0.672656 0.919271 0.067187 0.116319
13 0.669531 0.776042 0.039062 0.072917
13 0.728125 0.756944 0.037500 0.072917
3 0.763281 0.882812 0.023438 0.071181
3 0.782813 0.787326 0.015625 0.039931
2 0.690625 0.626736 0.021875 0.031250
2 0.728125 0.619792 0.018750 0.031250
2 0.803906 0.636285 0.023438 0.036458
2 0.840625 0.638889 0.040625 0.034722
2 0.868750 0.619792 0.021875 0.031250
2 0.786719 0.612847 0.023438 0.031250
3 0.775000 0.646701 0.012500 0.019097
13 0.745313 0.634549 0.018750 0.026042
2 0.674219 0.596354 0.014063 0.022569
2 0.661719 0.592882 0.014063 0.022569
2 0.691406 0.583333 0.014063 0.020833
13 0.677344 0.619792 0.007812 0.031250
4 0.743750 0.556424 0.059375 0.026042