4 0.592969 0.774148 0.092188 0.099432
4 0.484375 0.737216 0.034375 0.076705
4 0.539844 0.748580 0.070312 0.093750
4 0.454688 0.715909 0.059375 0.073864
4 0.403906 0.714489 0.035937 0.059659
4 0.544531 0.686080 0.054688 0.048295
4 0.820312 0.707386 0.084375 0.068182
4 0.956250 0.720170 0.084375 0.065341
4 0.735938 0.700284 0.040625 0.048295
17 0.028125 0.873580 0.043750 0.088068
17 0.033594 0.965909 0.064062 0.062500
17 0.126562 0.965909 0.050000 0.062500
5 0.113281 0.865057 0.073438 0.071023
11 0.216406 0.801136 0.054688 0.102273
2 0.421094 0.923295 0.098437 0.113636