5 0.192188 0.968543 0.081250 0.043046
5 0.226562 0.917219 0.068750 0.099338
5 0.261719 0.859272 0.051562 0.082781
5 0.308594 0.789735 0.039062 0.062914
5 0.321094 0.758278 0.032813 0.052980
13 0.332813 0.903974 0.034375 0.105960
13 0.375000 0.701987 0.012500 0.052980
13 0.396875 0.668874 0.012500 0.039735
13 0.357031 0.630795 0.007812 0.029801
2 0.367969 0.640728 0.014063 0.029801
2 0.380469 0.630795 0.010937 0.029801
2 0.403125 0.612583 0.009375 0.026490
2 0.380469 0.594371 0.007812 0.023179
10 0.432812 0.663907 0.006250 0.016556
13 0.395313 0.600993 0.006250 0.023179
5 0.469531 0.637417 0.017188 0.023179
2 0.481250 0.652318 0.015625 0.033113
2 0.530469 0.655629 0.020313 0.039735
13 0.554688 0.703642 0.009375 0.049669
13 0.596094 0.706954 0.014063 0.056291
11 0.589844 0.827815 0.064062 0.185430
5 0.631250 0.738411 0.034375 0.059603
2 0.642188 0.697020 0.018750 0.043046
18 0.608594 0.614238 0.032813 0.043046
3 0.626563 0.673841 0.006250 0.023179
13 0.699219 0.910596 0.039062 0.132450
13 0.764844 0.922185 0.032813 0.115894
2 0.694531 0.837748 0.042188 0.092715
5 0.835938 0.902318 0.103125 0.089404
5 0.792969 0.836093 0.098437 0.062914
19 0.768750 0.799669 0.093750 0.089404
10 0.667188 0.764901 0.012500 0.039735
10 0.671875 0.720199 0.006250 0.023179
4 0.663281 0.609272 0.039062 0.086093