10 0.510938 0.801389 0.718750 0.386111
13 0.034375 0.505556 0.040625 0.116667
13 0.102344 0.502778 0.082812 0.133333
13 0.144531 0.472222 0.048438 0.100000
13 0.200781 0.461111 0.070312 0.111111
13 0.232813 0.441667 0.037500 0.072222
13 0.270313 0.431944 0.021875 0.080556
17 0.310156 0.429167 0.057813 0.097222
13 0.372656 0.422222 0.076563 0.094444
17 0.447656 0.412500 0.067187 0.130556
17 0.410938 0.405556 0.015625 0.088889
11 0.486719 0.379167 0.023438 0.052778
17 0.535937 0.368056 0.015625 0.036111
13 0.506250 0.373611 0.012500 0.041667
13 0.622656 0.359722 0.045312 0.063889
11 0.765625 0.329167 0.125000 0.125000
13 0.863281 0.338889 0.054688 0.072222