13 0.768750 0.706564 0.087500 0.432432
13 0.074219 0.148649 0.057813 0.212355
13 0.107031 0.088803 0.045312 0.177606
13 0.672656 0.252896 0.057813 0.250965
13 0.763281 0.241313 0.054688 0.227799
3 0.797656 0.498069 0.048438 0.154440
10 0.836719 0.382239 0.032813 0.200772
13 0.827344 0.233591 0.042188 0.212355
2 0.028125 0.393822 0.046875 0.401544
13 0.718750 0.123552 0.040625 0.162162
5 0.860938 0.198842 0.090625 0.204633
5 0.901563 0.083012 0.184375 0.127413
5 0.847656 0.059846 0.129688 0.119691
13 0.753906 0.063707 0.048438 0.119691
10 0.971875 0.156371 0.053125 0.096525