5 0.158594 0.955335 0.142187 0.079404
5 0.242188 0.898263 0.115625 0.114144
5 0.493750 0.729529 0.062500 0.069479
5 0.341406 0.790323 0.089063 0.101737
5 0.372656 0.741935 0.073438 0.084367
2 0.528906 0.636476 0.035937 0.076923
2 0.453125 0.548387 0.028125 0.049628
2 0.506250 0.542184 0.021875 0.052109
2 0.466406 0.491315 0.020313 0.039702
2 0.432812 0.496278 0.012500 0.034739
2 0.446875 0.466501 0.015625 0.014888
13 0.493750 0.523573 0.009375 0.034739
0 0.557813 0.498759 0.031250 0.044665
3 0.536719 0.538462 0.007812 0.024814
3 0.558594 0.535980 0.007812 0.029777
3 0.571094 0.539702 0.007812 0.022333
18 0.435156 0.428040 0.039062 0.032258
4 0.528906 0.439206 0.067187 0.039702
13 0.607031 0.585608 0.023438 0.064516
2 0.675781 0.570720 0.023438 0.059553
3 0.685156 0.593052 0.023438 0.029777
3 0.699219 0.588089 0.007812 0.029777
10 0.712500 0.581886 0.018750 0.047146
2 0.822656 0.593052 0.039062 0.064516
19 0.812500 0.523573 0.046875 0.044665
10 0.957812 0.614144 0.018750 0.057072
3 0.957031 0.663772 0.014063 0.047146
2 0.983594 0.593052 0.029687 0.059553
11 0.912500 0.831266 0.125000 0.267990
10 0.981250 0.867246 0.021875 0.086849
5 0.986719 0.705955 0.020313 0.071960