4 0.485156 0.451389 0.104688 0.241667
4 0.722656 0.390278 0.073438 0.197222
17 0.714844 0.644444 0.070312 0.172222
4 0.847656 0.655556 0.210938 0.466667
13 0.839844 0.436111 0.032813 0.072222
13 0.956250 0.425000 0.056250 0.094444
13 0.345313 0.594444 0.053125 0.144444
4 0.220312 0.480556 0.143750 0.233333
4 0.080469 0.529167 0.160938 0.302778
5 0.575781 0.305556 0.029687 0.050000
5 0.575781 0.258333 0.026562 0.033333
13 0.771094 0.315278 0.020313 0.058333
7 0.841406 0.297222 0.029687 0.066667
7 0.761719 0.250000 0.026562 0.055556
13 0.749219 0.273611 0.020313 0.052778
17 0.453906 0.336111 0.032813 0.061111
4 0.410938 0.308333 0.078125 0.116667
4 0.438281 0.237500 0.045312 0.069444
4 0.548438 0.225000 0.028125 0.066667
13 0.360156 0.325000 0.026562 0.055556