3 0.407813 0.812500 0.209375 0.308333
17 0.434375 0.595833 0.187500 0.269444
3 0.642188 0.593056 0.100000 0.263889
3 0.735938 0.588889 0.071875 0.277778
17 0.647656 0.497222 0.073438 0.111111
9 0.565625 0.473611 0.090625 0.147222
9 0.238281 0.573611 0.323437 0.313889
11 0.385156 0.437500 0.176563 0.119444
5 0.971094 0.479167 0.051562 0.075000
17 0.825781 0.483333 0.054688 0.088889
10 0.038281 0.494444 0.076563 0.105556
3 0.121094 0.466667 0.051562 0.055556
10 0.203906 0.465278 0.051562 0.080556
3 0.064844 0.776389 0.126562 0.402778
3 0.782031 0.534722 0.042188 0.158333