15 0.387500 0.498611 0.271875 0.430556
4 0.470313 0.291667 0.296875 0.383333
4 0.213281 0.212500 0.114062 0.169444
17 0.235156 0.334722 0.042188 0.175000
13 0.704688 0.345833 0.075000 0.247222
13 0.901563 0.390278 0.118750 0.280556
5 0.046094 0.287500 0.082812 0.102778
4 0.290625 0.212500 0.053125 0.125000
13 0.801562 0.247222 0.059375 0.072222
13 0.962500 0.343056 0.062500 0.175000
13 0.628906 0.290278 0.035937 0.125000
13 0.746094 0.230556 0.023438 0.050000
13 0.653906 0.225000 0.023438 0.038889
13 0.975781 0.240278 0.035937 0.047222