4 0.341406 0.265278 0.323437 0.491667
3 0.909375 0.723611 0.178125 0.547222
13 0.558594 0.351389 0.101562 0.230556
13 0.856250 0.466667 0.200000 0.411111
9 0.035156 0.251389 0.070312 0.125000
11 0.148438 0.220833 0.050000 0.119444
13 0.643750 0.240278 0.028125 0.075000
13 0.959375 0.412500 0.078125 0.263889
5 0.071875 0.230556 0.031250 0.055556
13 0.566406 0.230556 0.029687 0.050000
13 0.599219 0.223611 0.026562 0.041667
13 0.606250 0.334722 0.078125 0.191667
13 0.796875 0.240278 0.037500 0.052778
13 0.671875 0.222222 0.018750 0.027778
13 0.742969 0.306944 0.042188 0.141667