10 0.896094 0.522222 0.089063 0.094444
17 0.813281 0.459722 0.051562 0.063889
17 0.751563 0.472222 0.062500 0.072222
13 0.975781 0.452778 0.026562 0.055556
17 0.703125 0.463889 0.034375 0.055556
17 0.639062 0.463889 0.046875 0.050000
17 0.589844 0.465278 0.042188 0.052778
17 0.556250 0.465278 0.028125 0.052778
17 0.527344 0.472222 0.039062 0.061111
15 0.475000 0.486111 0.068750 0.072222
15 0.414844 0.472222 0.042188 0.061111
10 0.384375 0.486111 0.034375 0.033333
17 0.306250 0.455556 0.031250 0.016667
17 0.340625 0.463889 0.028125 0.038889
5 0.250781 0.543056 0.210938 0.141667