5 0.405469 0.665278 0.120313 0.119444
9 0.719531 0.522222 0.026562 0.038889
13 0.632812 0.554167 0.021875 0.052778
3 0.657813 0.565278 0.018750 0.080556
13 0.674219 0.543056 0.014063 0.052778
10 0.495312 0.626389 0.021875 0.047222
13 0.777344 0.502778 0.007812 0.033333
13 0.788281 0.498611 0.010937 0.036111
10 0.829688 0.547222 0.031250 0.111111
10 0.806250 0.547222 0.012500 0.061111
17 0.853906 0.479167 0.020313 0.041667
13 0.699219 0.527778 0.010937 0.038889
13 0.767188 0.504167 0.012500 0.036111