10 0.507031 0.818056 0.282813 0.358333
4 0.840625 0.498611 0.312500 0.997222
13 0.644531 0.454167 0.114062 0.325000
13 0.457813 0.362500 0.090625 0.213889
9 0.178906 0.518056 0.310937 0.513889
4 0.050781 0.229167 0.064062 0.058333
13 0.332813 0.313889 0.065625 0.094444
11 0.042188 0.336111 0.065625 0.177778
11 0.331250 0.298611 0.084375 0.086111
10 0.259375 0.304167 0.021875 0.075000
15 0.344531 0.486111 0.135937 0.294444
5 0.239063 0.358333 0.106250 0.116667
13 0.215625 0.280556 0.037500 0.055556