4 0.349219 0.456944 0.114062 0.230556
4 0.621094 0.470833 0.182812 0.236111
5 0.875000 0.784722 0.134375 0.197222
9 0.736719 0.731944 0.104688 0.230556
5 0.932813 0.708333 0.131250 0.161111
5 0.878125 0.565278 0.103125 0.130556
17 0.399219 0.726389 0.076563 0.197222
15 0.527344 0.818056 0.139063 0.236111
17 0.646094 0.831944 0.110937 0.230556
10 0.514062 0.587500 0.037500 0.125000
5 0.814844 0.654167 0.098437 0.152778
17 0.182031 0.877778 0.082812 0.188889
17 0.148438 0.944444 0.106250 0.105556
5 0.758594 0.576389 0.104688 0.086111
5 0.949219 0.897222 0.095312 0.194444
5 0.599219 0.677778 0.117188 0.144444
5 0.646094 0.586111 0.101562 0.105556
5 0.437500 0.583333 0.075000 0.127778
19 0.089844 0.775000 0.173437 0.211111
17 0.271875 0.654167 0.065625 0.158333
17 0.325000 0.570833 0.053125 0.108333