5 0.864844 0.504167 0.117188 0.169444
17 0.831250 0.429167 0.075000 0.086111
10 0.713281 0.447222 0.029687 0.094444
10 0.628906 0.436111 0.023438 0.077778
17 0.768750 0.409722 0.043750 0.052778
17 0.889844 0.404167 0.042188 0.052778
17 0.579688 0.408333 0.031250 0.038889
5 0.353125 0.516667 0.240625 0.205556
5 0.142969 0.579167 0.285938 0.302778
13 0.493750 0.419444 0.037500 0.050000
17 0.463281 0.412500 0.023438 0.036111
17 0.433594 0.411111 0.023438 0.033333
17 0.728125 0.412500 0.018750 0.058333