17 0.589844 0.622222 0.070312 0.083333
17 0.453125 0.651389 0.025000 0.091667
5 0.400781 0.688889 0.070312 0.077778
10 0.246875 0.698611 0.025000 0.097222
5 0.221875 0.693056 0.025000 0.058333
17 0.289844 0.668056 0.017188 0.041667
17 0.312500 0.665278 0.018750 0.047222
17 0.266406 0.673611 0.014063 0.047222
13 0.278125 0.668056 0.006250 0.030556
0 0.082031 0.716667 0.048438 0.072222
10 0.113281 0.711111 0.010937 0.050000
4 0.029687 0.712500 0.059375 0.108333
4 0.391406 0.593056 0.073438 0.058333