9 0.647656 0.383333 0.076563 0.105556
17 0.737500 0.352778 0.021875 0.061111
13 0.771875 0.373611 0.046875 0.125000
13 0.574219 0.390278 0.035937 0.108333
13 0.828125 0.345833 0.046875 0.058333
13 0.877344 0.340278 0.054688 0.058333
13 0.936719 0.338889 0.048438 0.061111
13 0.978125 0.338889 0.040625 0.066667
9 0.477344 0.375000 0.082812 0.061111
17 0.517969 0.363889 0.032813 0.044444
17 0.410938 0.368056 0.021875 0.036111
17 0.382031 0.372222 0.023438 0.033333
13 0.361719 0.369444 0.014063 0.038889