17 0.549219 0.537500 0.045312 0.102778
17 0.589844 0.504167 0.039062 0.052778
5 0.653906 0.519444 0.085938 0.050000
17 0.761719 0.509722 0.051562 0.063889
17 0.703906 0.509722 0.014063 0.052778
17 0.514062 0.501389 0.018750 0.041667
10 0.500000 0.518056 0.037500 0.036111
13 0.343750 0.523611 0.031250 0.086111
10 0.367969 0.537500 0.017188 0.047222
17 0.291406 0.494444 0.035937 0.038889
3 0.232813 0.518056 0.034375 0.025000
17 0.182031 0.497222 0.035937 0.038889
17 0.145313 0.493056 0.028125 0.036111
17 0.094531 0.487500 0.026562 0.036111
4 0.894531 0.418056 0.207813 0.469444