5 0.599219 0.633333 0.164062 0.205556
4 0.426563 0.545833 0.331250 0.358333
17 0.178125 0.609722 0.159375 0.230556
4 0.632812 0.293056 0.128125 0.141667
13 0.466406 0.833333 0.148438 0.322222
13 0.671875 0.470833 0.081250 0.147222
17 0.769531 0.398611 0.067187 0.108333
13 0.751563 0.584722 0.096875 0.208333
11 0.691406 0.365278 0.101562 0.108333
8 0.911719 0.297222 0.076563 0.094444
8 0.969531 0.300000 0.057813 0.088889
13 0.277344 0.887500 0.135937 0.219444
13 0.560937 0.922222 0.140625 0.150000
13 0.614844 0.870833 0.151562 0.252778
13 0.687500 0.862500 0.153125 0.269444
13 0.720313 0.822222 0.143750 0.316667
13 0.814063 0.693056 0.100000 0.169444
13 0.960156 0.586111 0.060937 0.116667
13 0.896875 0.629167 0.115625 0.097222
13 0.872656 0.672222 0.117188 0.094444
13 0.859375 0.431944 0.043750 0.130556
13 0.835938 0.395833 0.043750 0.102778
13 0.977344 0.422222 0.042188 0.127778
4 0.096094 0.368056 0.192188 0.136111
13 0.319531 0.365278 0.039062 0.102778
13 0.533594 0.294444 0.029687 0.072222
13 0.363281 0.334722 0.029687 0.069444