10 0.752344 0.662500 0.032813 0.125000
10 0.832031 0.625000 0.020313 0.077778
10 0.869531 0.615278 0.020313 0.075000
17 0.914844 0.595833 0.035937 0.063889
13 0.665625 0.659722 0.037500 0.102778
13 0.636719 0.662500 0.017188 0.097222
13 0.501563 0.695833 0.040625 0.086111
13 0.430469 0.729167 0.070312 0.163889
19 0.727344 0.629167 0.020313 0.052778
13 0.702344 0.651389 0.026562 0.091667
13 0.761719 0.618056 0.010937 0.030556
5 0.887500 0.584722 0.012500 0.019444
20 0.234375 0.811111 0.100000 0.094444