4 0.243750 0.509722 0.396875 0.463889
13 0.035937 0.663889 0.071875 0.266667
15 0.492969 0.483333 0.054688 0.072222
13 0.747656 0.530556 0.054688 0.133333
19 0.820312 0.538889 0.065625 0.127778
8 0.685156 0.468056 0.054688 0.113889
13 0.639844 0.486111 0.026562 0.088889
17 0.582812 0.456944 0.015625 0.041667
17 0.601562 0.456944 0.012500 0.041667
17 0.526563 0.470833 0.021875 0.052778
8 0.442188 0.473611 0.028125 0.102778
13 0.435937 0.494444 0.012500 0.061111
4 0.495312 0.443056 0.034375 0.041667
19 0.614844 0.480556 0.023438 0.077778
13 0.969531 0.613889 0.051562 0.261111
13 0.467187 0.465278 0.015625 0.041667
5 0.067187 0.877778 0.134375 0.238889
13 0.037500 0.570833 0.043750 0.113889