13 0.940625 0.498611 0.090625 0.263889
5 0.724219 0.452778 0.104688 0.055556
5 0.524219 0.497222 0.057813 0.088889
5 0.486719 0.473611 0.035937 0.063889
13 0.567969 0.455556 0.042188 0.066667
14 0.600000 0.458333 0.018750 0.038889
17 0.658594 0.437500 0.026562 0.052778
17 0.786719 0.426389 0.045312 0.047222
17 0.848437 0.426389 0.053125 0.058333
17 0.450000 0.461111 0.031250 0.050000
17 0.368750 0.458333 0.034375 0.038889
17 0.335938 0.455556 0.028125 0.027778
5 0.216406 0.669444 0.432812 0.383333