13 0.762500 0.517188 0.075000 0.068750
13 0.687500 0.512500 0.041667 0.037500
13 0.651389 0.510156 0.036111 0.035937
5 0.568056 0.513281 0.047222 0.023438
5 0.520833 0.510938 0.041667 0.018750
5 0.338889 0.510156 0.038889 0.020313
10 0.433333 0.510938 0.022222 0.025000
19 0.237500 0.514844 0.075000 0.039062
19 0.119444 0.515625 0.077778 0.050000
10 0.176389 0.515625 0.025000 0.031250
17 0.015278 0.525000 0.030556 0.068750
17 0.284722 0.511719 0.019444 0.029687
9 0.616667 0.507812 0.038889 0.025000