5 0.867188 0.436111 0.253125 0.183333
17 0.787500 0.362500 0.040625 0.058333
17 0.736719 0.365278 0.048438 0.063889
17 0.617969 0.370833 0.048438 0.052778
11 0.518750 0.398611 0.056250 0.086111
5 0.448437 0.429167 0.078125 0.091667
15 0.373437 0.398611 0.075000 0.058333
11 0.286719 0.394444 0.076563 0.055556
13 0.228906 0.381944 0.017188 0.036111
5 0.108594 0.495833 0.217188 0.163889
13 0.957031 0.338889 0.029687 0.038889
13 0.975000 0.336111 0.021875 0.044444
3 0.673438 0.584722 0.093750 0.252778