5 0.439063 0.798611 0.200000 0.230556
5 0.611719 0.622222 0.157812 0.194444
17 0.560156 0.443056 0.092188 0.147222
17 0.465625 0.545833 0.096875 0.191667
17 0.300000 0.570833 0.087500 0.169444
10 0.248438 0.684722 0.068750 0.119444
13 0.332813 0.668056 0.100000 0.180556
20 0.659375 0.376389 0.090625 0.108333
17 0.878906 0.587500 0.085938 0.169444
13 0.882031 0.780556 0.079687 0.233333
5 0.906250 0.245833 0.121875 0.125000
13 0.819531 0.229167 0.073438 0.136111
13 0.766406 0.163889 0.048438 0.100000
13 0.713281 0.152778 0.042188 0.094444
11 0.944531 0.461111 0.107813 0.188889
10 0.367188 0.490278 0.046875 0.091667