15 0.686719 0.727778 0.207813 0.183333
5 0.933594 0.736111 0.129688 0.144444
5 0.739844 0.441667 0.151562 0.116667
5 0.842969 0.527778 0.167187 0.116667
15 0.723437 0.276389 0.140625 0.130556
17 0.898438 0.395833 0.090625 0.125000
5 0.407813 0.445833 0.156250 0.119444
9 0.309375 0.518056 0.168750 0.147222
4 0.396875 0.279167 0.262500 0.202778
4 0.121875 0.313889 0.243750 0.216667
4 0.132812 0.677778 0.265625 0.255556
17 0.221094 0.918056 0.132812 0.152778
17 0.052344 0.862500 0.104688 0.158333
10 0.597656 0.252778 0.054688 0.077778
15 0.067969 0.504167 0.135937 0.102778