17 0.471875 0.609722 0.137500 0.241667
13 0.667969 0.590278 0.154688 0.219444
13 0.892188 0.619444 0.181250 0.305556
5 0.796094 0.593056 0.085938 0.086111
17 0.766406 0.525000 0.048438 0.055556
17 0.592969 0.522222 0.042188 0.055556
17 0.150000 0.516667 0.028125 0.038889
17 0.186719 0.518056 0.035937 0.041667
17 0.250781 0.520833 0.023438 0.052778
13 0.285938 0.562500 0.062500 0.125000
10 0.197656 0.609722 0.085938 0.113889
10 0.344531 0.527778 0.017188 0.022222
13 0.230469 0.512500 0.017188 0.036111
17 0.088281 0.518056 0.029687 0.036111
13 0.127344 0.515278 0.014063 0.041667
17 0.679688 0.525000 0.025000 0.055556