15 0.501563 0.881944 0.125000 0.202778
4 0.150781 0.705556 0.301563 0.316667
4 0.464062 0.494444 0.140625 0.150000
13 0.901563 0.661111 0.053125 0.133333
13 0.906250 0.522222 0.034375 0.077778
17 0.587500 0.526389 0.034375 0.080556
9 0.566406 0.398611 0.026562 0.047222
10 0.603125 0.441667 0.012500 0.044444
7 0.794531 0.395833 0.029687 0.058333
7 0.876563 0.443056 0.028125 0.069444
13 0.974219 0.537500 0.029687 0.069444
13 0.982031 0.573611 0.032813 0.080556
13 0.791406 0.480556 0.023438 0.066667
13 0.743750 0.426389 0.018750 0.052778
4 0.356250 0.504167 0.162500 0.152778
4 0.442188 0.419444 0.078125 0.055556
4 0.457031 0.395833 0.076563 0.063889