17 0.413281 0.437500 0.035937 0.063889
17 0.506250 0.412500 0.053125 0.052778
17 0.597656 0.398611 0.051562 0.052778
13 0.168750 0.472222 0.031250 0.050000
17 0.088281 0.470833 0.032813 0.030556
17 0.671094 0.388889 0.045312 0.055556
13 0.847656 0.593056 0.292187 0.808333
17 0.445312 0.425000 0.028125 0.050000
10 0.366406 0.454167 0.042188 0.030556
10 0.250781 0.456944 0.017188 0.025000
17 0.207031 0.452778 0.020313 0.027778
13 0.040625 0.481944 0.037500 0.052778
13 0.126562 0.465278 0.018750 0.041667