13 0.489844 0.584722 0.120313 0.386111
13 0.591406 0.465278 0.048438 0.202778
4 0.805469 0.483333 0.385937 0.816667
4 0.413281 0.370833 0.192188 0.236111
5 0.281250 0.447222 0.115625 0.150000
10 0.225781 0.390278 0.026562 0.091667
17 0.042969 0.508333 0.085938 0.250000
17 0.103125 0.406944 0.050000 0.119444
9 0.124219 0.363889 0.048438 0.066667
4 0.063281 0.329167 0.060937 0.080556
4 0.110156 0.312500 0.032813 0.041667
4 0.146875 0.320833 0.025000 0.058333
13 0.014844 0.368056 0.029687 0.058333
13 0.031250 0.356944 0.021875 0.041667
3 0.057813 0.352778 0.018750 0.044444
17 0.207813 0.329167 0.009375 0.025000
13 0.289062 0.358333 0.025000 0.050000
17 0.312500 0.361111 0.018750 0.061111
19 0.259375 0.354167 0.028125 0.052778
17 0.232813 0.329167 0.012500 0.025000
17 0.584375 0.383333 0.046875 0.083333
5 0.196094 0.326389 0.010937 0.019444