17 0.389062 0.568056 0.075000 0.147222
17 0.433594 0.512500 0.035937 0.058333
5 0.496094 0.520833 0.089063 0.058333
17 0.562500 0.498611 0.037500 0.052778
3 0.596875 0.515278 0.031250 0.030556
17 0.308594 0.530556 0.051562 0.061111
10 0.250000 0.552778 0.043750 0.044444
13 0.174219 0.552778 0.042188 0.083333
13 0.100781 0.545833 0.029687 0.058333
17 0.015625 0.551389 0.031250 0.047222
10 0.043750 0.559722 0.028125 0.025000
5 0.647656 0.505556 0.067187 0.061111
13 0.703906 0.479167 0.026562 0.041667
13 0.721094 0.480556 0.020313 0.044444
17 0.891406 0.681944 0.204687 0.586111
4 0.265625 0.501389 0.031250 0.080556