9 0.914844 0.409722 0.120313 0.141667
5 0.782813 0.406944 0.034375 0.047222
13 0.807031 0.393056 0.014063 0.052778
13 0.848437 0.397222 0.021875 0.066667
10 0.699219 0.416667 0.023438 0.077778
13 0.468750 0.420833 0.025000 0.041667
13 0.483594 0.416667 0.020313 0.038889
5 0.431250 0.437500 0.031250 0.052778
5 0.291406 0.455556 0.070312 0.061111
4 0.375781 0.418056 0.051562 0.113889
13 0.128906 0.451389 0.023438 0.041667
5 0.089844 0.484722 0.104688 0.058333
10 0.019531 0.500000 0.039062 0.055556