10 0.188281 0.548611 0.082812 0.230556
3 0.353906 0.520833 0.057813 0.208333
4 0.455469 0.204167 0.154688 0.163889
4 0.703906 0.279167 0.148438 0.197222
13 0.509375 0.451389 0.084375 0.169444
13 0.457813 0.597222 0.087500 0.283333
10 0.446094 0.381944 0.057813 0.136111
5 0.197656 0.448611 0.210938 0.208333
10 0.585938 0.301389 0.037500 0.063889
13 0.139844 0.844444 0.179688 0.305556
13 0.263281 0.241667 0.076563 0.105556
8 0.899219 0.169444 0.060937 0.072222
8 0.845313 0.158333 0.056250 0.061111
5 0.575781 0.405556 0.098437 0.155556
9 0.599219 0.266667 0.095312 0.122222
13 0.878125 0.440278 0.096875 0.152778
13 0.364063 0.904167 0.159375 0.186111
13 0.443750 0.872222 0.153125 0.250000
13 0.492188 0.806944 0.156250 0.325000
13 0.577344 0.766667 0.129688 0.288889
13 0.611719 0.712500 0.139063 0.269444
13 0.750000 0.544444 0.115625 0.161111
13 0.692969 0.551389 0.101562 0.119444
13 0.818750 0.501389 0.093750 0.197222
13 0.032813 0.344444 0.062500 0.133333