5 0.139063 0.879167 0.221875 0.225000
5 0.467969 0.843056 0.226562 0.252778
17 0.364063 0.588889 0.115625 0.200000
10 0.413281 0.648611 0.067187 0.152778
13 0.206250 0.684722 0.115625 0.197222
17 0.490625 0.530556 0.100000 0.172222
17 0.650000 0.594444 0.103125 0.200000
17 0.585156 0.436111 0.104688 0.166667
13 0.511719 0.411111 0.067187 0.161111
13 0.621094 0.304167 0.073438 0.147222
17 0.780469 0.481944 0.098437 0.186111
13 0.897656 0.088889 0.070312 0.116667
3 0.694531 0.051389 0.060937 0.075000