17 0.332031 0.725000 0.226562 0.333333
10 0.761719 0.644444 0.070312 0.272222
10 0.698438 0.506944 0.059375 0.236111
11 0.491406 0.351389 0.135937 0.402778
17 0.763281 0.393056 0.089063 0.230556
17 0.664844 0.355556 0.089063 0.194444
15 0.614844 0.119444 0.092188 0.150000
10 0.722656 0.115278 0.029687 0.113889
17 0.801562 0.309722 0.075000 0.191667
4 0.905469 0.619444 0.185938 0.744444
9 0.296875 0.254167 0.093750 0.236111
5 0.211719 0.366667 0.110937 0.194444
11 0.093750 0.111111 0.062500 0.144444
9 0.392969 0.287500 0.095312 0.236111
5 0.662500 0.212500 0.096875 0.141667
19 0.509375 0.080556 0.090625 0.133333
17 0.681250 0.115278 0.062500 0.119444
17 0.593750 0.026389 0.053125 0.052778
17 0.403125 0.102778 0.043750 0.094444