15 0.622917 0.558594 0.262500 0.117188
5 0.455208 0.519531 0.072917 0.035937
10 0.344792 0.535156 0.035417 0.029687
10 0.375000 0.530469 0.025000 0.026562
5 0.275000 0.516406 0.079167 0.042188
3 0.172917 0.510156 0.025000 0.048438
13 0.155208 0.492969 0.014583 0.017188
5 0.238542 0.500000 0.022917 0.018750
11 0.202083 0.496094 0.037500 0.039062
4 0.281250 0.486719 0.016667 0.010937
4 0.301042 0.489063 0.018750 0.009375
19 0.337500 0.503906 0.054167 0.035937
3 0.145833 0.500781 0.012500 0.026562
5 0.227083 0.494531 0.012500 0.010937