17 0.716406 0.337500 0.039062 0.086111
17 0.582031 0.291667 0.032813 0.072222
17 0.556250 0.245833 0.028125 0.063889
17 0.391406 0.326389 0.048438 0.080556
13 0.372656 0.377778 0.035937 0.094444
4 0.135156 0.554167 0.204687 0.380556
4 0.093750 0.437500 0.187500 0.308333
4 0.485938 0.256944 0.103125 0.130556
4 0.444531 0.220833 0.076563 0.119444
4 0.575781 0.168056 0.032813 0.080556
4 0.561719 0.104167 0.020313 0.047222
4 0.494531 0.173611 0.082812 0.063889
5 0.622656 0.250000 0.029687 0.050000
5 0.621094 0.204167 0.026562 0.036111
16 0.742969 0.254167 0.032813 0.063889
7 0.804688 0.191667 0.028125 0.055556
4 0.698438 0.181944 0.040625 0.091667
13 0.977344 0.356944 0.035937 0.091667
13 0.909375 0.561111 0.059375 0.161111
13 0.864844 0.456944 0.039062 0.119444
13 0.971875 0.575000 0.053125 0.166667
20 0.967187 0.488889 0.062500 0.116667
13 0.782813 0.270833 0.025000 0.069444
13 0.827344 0.270833 0.026562 0.069444