17 0.040278 0.540625 0.080556 0.068750
19 0.195833 0.531250 0.091667 0.043750
19 0.305556 0.527344 0.072222 0.039062
10 0.256944 0.530469 0.025000 0.032813
17 0.348611 0.525781 0.025000 0.026562
5 0.405556 0.525000 0.044444 0.018750
10 0.529167 0.522656 0.025000 0.023438
5 0.658333 0.526563 0.050000 0.021875
5 0.618056 0.521094 0.025000 0.014063
9 0.708333 0.521094 0.033333 0.023438
13 0.740278 0.527344 0.036111 0.039062
13 0.776389 0.525781 0.036111 0.039062
13 0.905556 0.536719 0.111111 0.101562