4 0.335938 0.684722 0.187500 0.225000
4 0.065625 0.806944 0.131250 0.330556
4 0.449219 0.569444 0.157812 0.127778
4 0.713281 0.545833 0.054688 0.136111
13 0.792188 0.619444 0.028125 0.077778
5 0.617969 0.540278 0.032813 0.052778
4 0.573438 0.466667 0.031250 0.072222
20 0.892188 0.672222 0.040625 0.105556
13 0.976562 0.656944 0.037500 0.086111
7 0.877344 0.548611 0.026562 0.069444
7 0.796094 0.498611 0.026562 0.047222
4 0.460156 0.488889 0.076563 0.038889
4 0.444531 0.501389 0.073438 0.041667
13 0.821875 0.616667 0.028125 0.072222