10 0.105469 0.756944 0.210938 0.480556
10 0.574219 0.534722 0.048438 0.075000
10 0.727344 0.487500 0.042188 0.075000
17 0.904687 0.383333 0.056250 0.061111
17 0.789844 0.431944 0.048438 0.080556
17 0.826562 0.397222 0.043750 0.055556
17 0.671875 0.443056 0.050000 0.058333
10 0.601562 0.477778 0.034375 0.033333
17 0.482031 0.477778 0.032813 0.038889
17 0.450000 0.488889 0.025000 0.027778
13 0.431250 0.491667 0.015625 0.038889
17 0.408594 0.495833 0.017188 0.036111
13 0.550781 0.473611 0.017188 0.052778