10 0.934375 0.470833 0.031250 0.091667
13 0.863281 0.486111 0.101562 0.150000
17 0.522656 0.473611 0.045312 0.052778
17 0.596875 0.470833 0.046875 0.052778
13 0.665625 0.456944 0.025000 0.041667
13 0.681250 0.451389 0.018750 0.041667
13 0.294531 0.512500 0.042188 0.108333
4 0.393750 0.466667 0.150000 0.116667
17 0.184375 0.525000 0.043750 0.088889
10 0.243750 0.513889 0.037500 0.038889
17 0.214844 0.500000 0.017188 0.061111
17 0.267188 0.487500 0.015625 0.041667
3 0.125000 0.516667 0.031250 0.033333
17 0.068750 0.495833 0.037500 0.047222
10 0.046094 0.650000 0.054688 0.144444
17 0.144531 0.494444 0.014063 0.038889