19 0.389844 0.759722 0.507812 0.475000
17 0.717187 0.451389 0.184375 0.397222
11 0.834375 0.220833 0.103125 0.125000
13 0.911719 0.437500 0.139063 0.358333
13 0.543750 0.237500 0.046875 0.080556
13 0.460938 0.229167 0.037500 0.075000
13 0.953125 0.268056 0.043750 0.119444
5 0.628906 0.229167 0.079687 0.052778
5 0.726562 0.222222 0.056250 0.050000
13 0.105469 0.234722 0.029687 0.075000
13 0.161719 0.243056 0.029687 0.086111
13 0.609375 0.201389 0.018750 0.030556
18 0.985938 0.186111 0.025000 0.055556
5 0.620313 0.311111 0.071875 0.161111
17 0.186719 0.305556 0.051562 0.150000