3 0.894531 0.411111 0.026562 0.083333
17 0.933594 0.329167 0.039062 0.063889
17 0.851562 0.341667 0.046875 0.061111
17 0.792969 0.345833 0.051562 0.058333
17 0.747656 0.348611 0.039062 0.052778
17 0.585938 0.369444 0.046875 0.055556
17 0.675781 0.356944 0.045312 0.052778
5 0.519531 0.408333 0.051562 0.072222
5 0.425000 0.395833 0.075000 0.052778
17 0.345313 0.377778 0.031250 0.038889
17 0.310156 0.381944 0.026562 0.030556
13 0.289844 0.386111 0.017188 0.038889
13 0.127344 0.540278 0.254688 0.458333