7 0.881250 0.578224 0.071875 0.090909
5 0.436719 0.584567 0.060937 0.065539
13 0.166406 0.586681 0.048438 0.073996
13 0.112500 0.595137 0.034375 0.073996
11 0.042969 0.596195 0.060937 0.071882
13 0.314844 0.567653 0.020313 0.031712
18 0.531250 0.548626 0.053125 0.073996
13 0.581250 0.559197 0.012500 0.023256
18 0.435937 0.535941 0.021875 0.031712
13 0.745313 0.567653 0.021875 0.048626
18 0.253125 0.565539 0.050000 0.057082
9 0.346094 0.557082 0.035937 0.023256
18 0.392969 0.548626 0.023438 0.035941