15 0.185156 0.523611 0.370312 0.358333
15 0.581250 0.620833 0.306250 0.375000
5 0.832031 0.461111 0.098437 0.116667
17 0.910156 0.433333 0.048438 0.088889
17 0.517969 0.425000 0.089063 0.083333
17 0.572656 0.379167 0.042188 0.041667
9 0.379688 0.391667 0.103125 0.116667
5 0.135156 0.798611 0.260937 0.397222
5 0.439844 0.427778 0.098437 0.100000
5 0.729688 0.479167 0.096875 0.158333
13 0.667969 0.381944 0.026562 0.052778
19 0.950000 0.438889 0.028125 0.105556
17 0.806250 0.386111 0.021875 0.033333