17 0.364844 0.830556 0.110937 0.138889
10 0.456250 0.915278 0.078125 0.091667
5 0.063281 0.806944 0.126562 0.152778
11 0.754687 0.462500 0.196875 0.152778
4 0.816406 0.804167 0.364063 0.286111
4 0.203125 0.341667 0.243750 0.177778
11 0.389844 0.570833 0.179688 0.125000
5 0.671094 0.580556 0.142187 0.100000
9 0.870313 0.559722 0.146875 0.130556
15 0.707031 0.340278 0.135937 0.102778
13 0.895312 0.409722 0.075000 0.102778
10 0.450781 0.415278 0.054688 0.069444
10 0.596094 0.434722 0.057813 0.091667
11 0.078906 0.472222 0.142187 0.122222
0 0.148438 0.570833 0.187500 0.136111