10 0.893750 0.570833 0.034375 0.108333
10 0.836719 0.591667 0.032813 0.122222
10 0.807031 0.587500 0.023438 0.108333
9 0.696094 0.587500 0.035937 0.052778
13 0.665625 0.594444 0.021875 0.055556
13 0.628906 0.601389 0.014063 0.058333
3 0.616406 0.626389 0.023438 0.102778
13 0.578906 0.623611 0.032813 0.086111
13 0.553906 0.626389 0.017188 0.075000
10 0.511719 0.656944 0.032813 0.052778
13 0.767188 0.570833 0.015625 0.041667
13 0.780469 0.568056 0.010937 0.041667
13 0.789844 0.565278 0.007812 0.036111
17 0.866406 0.552778 0.017188 0.038889
13 0.600781 0.601389 0.010937 0.041667
10 0.257812 0.729167 0.046875 0.113889