13 0.471094 0.612500 0.282813 0.497222
13 0.164844 0.716667 0.210938 0.561111
3 0.267188 0.522222 0.131250 0.372222
3 0.207813 0.388889 0.071875 0.205556
5 0.410156 0.400000 0.220312 0.172222
5 0.504687 0.416667 0.093750 0.155556
19 0.661719 0.433333 0.289062 0.316667
10 0.828906 0.412500 0.032813 0.108333
13 0.882812 0.438889 0.084375 0.250000
13 0.950781 0.477778 0.079687 0.283333
13 0.946875 0.354167 0.059375 0.141667
9 0.889844 0.309722 0.082812 0.075000
4 0.083594 0.240278 0.167187 0.386111