17 0.409375 0.679167 0.109375 0.191667
5 0.586719 0.606944 0.129688 0.169444
17 0.519531 0.518056 0.082812 0.147222
19 0.632031 0.459722 0.104688 0.152778
19 0.747656 0.409722 0.079687 0.125000
4 0.666406 0.343056 0.104688 0.158333
4 0.478125 0.394444 0.215625 0.344444
15 0.104688 0.391667 0.096875 0.094444
5 0.888281 0.461111 0.070312 0.122222
5 0.969531 0.473611 0.057813 0.125000
17 0.753906 0.240278 0.026562 0.047222
5 0.035937 0.411111 0.071875 0.088889
10 0.736719 0.484722 0.029687 0.097222