7 0.488281 0.675234 0.076563 0.084112
17 0.564063 0.853972 0.059375 0.072430
17 0.525781 0.892523 0.064062 0.065421
17 0.603906 0.821262 0.054688 0.067757
11 0.298438 0.658879 0.075000 0.070093
17 0.146875 0.821262 0.062500 0.072430
17 0.092969 0.883178 0.076563 0.070093
17 0.149219 0.896028 0.067187 0.072430
17 0.617969 0.586449 0.045312 0.056075
17 0.660937 0.615654 0.046875 0.053738
17 0.575781 0.634346 0.048438 0.053738
17 0.662500 0.668224 0.050000 0.056075
17 0.625781 0.712617 0.051562 0.056075
17 0.691406 0.700935 0.051562 0.051402
17 0.718750 0.656542 0.053125 0.060748
19 0.814063 0.622664 0.065625 0.095794
17 0.482031 0.759346 0.057813 0.065421
13 0.304688 0.848131 0.053125 0.065421
5 0.410156 0.661215 0.085938 0.074766
9 0.404687 0.733645 0.093750 0.079439
5 0.389844 0.808411 0.095312 0.084112
17 0.278125 0.529206 0.037500 0.058411
17 0.069531 0.526869 0.054688 0.053738
17 0.927344 0.582944 0.042188 0.063084
5 0.947656 0.664720 0.051562 0.114486
17 0.692969 0.573598 0.042188 0.053738
17 0.714844 0.528037 0.035937 0.051402
17 0.750781 0.515187 0.035937 0.063084
17 0.725000 0.482477 0.034375 0.044393
17 0.764062 0.467290 0.028125 0.051402
17 0.823438 0.494159 0.031250 0.058411
19 0.700781 0.778037 0.101562 0.112150
11 0.330469 0.184579 0.045312 0.060748
5 0.931250 0.792056 0.065625 0.144860
17 0.761719 0.628505 0.042188 0.065421
17 0.821875 0.551402 0.037500 0.056075
5 0.651563 0.537383 0.068750 0.060748
15 0.532813 0.607477 0.087500 0.074766
5 0.548438 0.705607 0.084375 0.079439
15 0.775781 0.714953 0.085938 0.093458
15 0.878125 0.450935 0.040625 0.084112
9 0.928125 0.463785 0.040625 0.086449
5 0.323437 0.529206 0.040625 0.081776
20 0.312500 0.577103 0.059375 0.056075
5 0.058594 0.578271 0.092188 0.077103
10 0.215625 0.790888 0.043750 0.053738
17 0.858594 0.331776 0.039062 0.051402
5 0.475000 0.274533 0.046875 0.039720
5 0.355469 0.396028 0.032813 0.063084
5 0.400000 0.350467 0.037500 0.056075
5 0.802344 0.453271 0.029687 0.079439
5 0.778906 0.397196 0.045312 0.060748
5 0.736719 0.431075 0.029687 0.067757
9 0.717187 0.345794 0.043750 0.070093
15 0.903906 0.519860 0.035937 0.086449
4 0.871875 0.207944 0.031250 0.074766
5 0.663281 0.268692 0.051562 0.046729
5 0.780469 0.301402 0.054688 0.051402
5 0.834375 0.392523 0.043750 0.065421
12 0.225000 0.434579 0.040625 0.079439