5 0.565625 0.656250 0.389583 0.137500
17 0.401042 0.547656 0.068750 0.067187
15 0.784375 0.571094 0.235417 0.082812
5 0.334375 0.532813 0.064583 0.037500
10 0.288542 0.578906 0.056250 0.051562
17 0.192708 0.531250 0.056250 0.050000
5 0.234375 0.525781 0.031250 0.032813
3 0.121875 0.527344 0.018750 0.023438
13 0.114583 0.510156 0.016667 0.020313
5 0.159375 0.513281 0.022917 0.017188
10 0.140625 0.517969 0.014583 0.010937
4 0.333333 0.503906 0.033333 0.014063
15 0.275000 0.509375 0.012500 0.009375
11 0.157292 0.501563 0.018750 0.009375