10 0.915625 0.565278 0.028125 0.097222
10 0.877344 0.580556 0.032813 0.105556
10 0.822656 0.588889 0.023438 0.105556
17 0.939063 0.555556 0.021875 0.072222
13 0.806250 0.570833 0.012500 0.047222
9 0.678906 0.604167 0.048438 0.063889
13 0.625000 0.618056 0.031250 0.075000
3 0.562500 0.691667 0.031250 0.077778
13 0.528906 0.641667 0.029687 0.077778
13 0.782813 0.576389 0.018750 0.047222
9 0.839844 0.556944 0.020313 0.025000
13 0.435937 0.670833 0.040625 0.102778
13 0.329688 0.718056 0.087500 0.180556
3 0.592969 0.652778 0.020313 0.044444