20 0.325000 0.511111 0.296875 0.311111
20 0.528125 0.420833 0.131250 0.180556
20 0.597656 0.370833 0.073438 0.141667
13 0.850000 0.634722 0.287500 0.725000
13 0.846094 0.409722 0.135937 0.263889
13 0.725781 0.408333 0.057813 0.250000
13 0.105469 0.509722 0.210938 0.275000
13 0.164062 0.454167 0.084375 0.258333
13 0.345313 0.348611 0.071875 0.097222
13 0.400781 0.340278 0.067187 0.080556
5 0.642969 0.308333 0.039062 0.061111
17 0.687500 0.318056 0.040625 0.097222
4 0.721875 0.279167 0.050000 0.097222
4 0.935156 0.268056 0.085938 0.075000
19 0.963281 0.356944 0.070312 0.158333
4 0.768750 0.254167 0.053125 0.047222
13 0.601562 0.293056 0.015625 0.041667
13 0.508594 0.306944 0.023438 0.041667