4 0.407813 0.454167 0.400000 0.447222
4 0.425781 0.184722 0.192188 0.180556
4 0.875781 0.204167 0.129688 0.180556
4 0.959375 0.051389 0.053125 0.058333
5 0.724219 0.290278 0.104688 0.141667
5 0.671875 0.254167 0.100000 0.113889
17 0.822656 0.480556 0.170313 0.194444
13 0.418750 0.775000 0.200000 0.366667
13 0.076563 0.745833 0.153125 0.319444
13 0.116406 0.820833 0.204687 0.341667
13 0.204687 0.870833 0.196875 0.252778
9 0.571094 0.152778 0.060937 0.105556
13 0.789844 0.084722 0.017188 0.058333
5 0.764062 0.090278 0.043750 0.047222
13 0.592187 0.568056 0.109375 0.280556