13 0.193750 0.854167 0.209375 0.286111
13 0.357031 0.231944 0.082812 0.163889
4 0.867969 0.184722 0.129688 0.175000
4 0.597656 0.323611 0.276562 0.280556
13 0.515625 0.688889 0.140625 0.272222
13 0.367969 0.680556 0.160938 0.338889
4 0.871094 0.065278 0.067187 0.069444
4 0.407813 0.168056 0.190625 0.202778
13 0.078906 0.313889 0.095312 0.166667
20 0.253906 0.218056 0.076563 0.152778
13 0.630469 0.509722 0.101562 0.219444
17 0.882031 0.422222 0.142187 0.094444
13 0.720313 0.456944 0.078125 0.191667
13 0.777344 0.419444 0.035937 0.183333
13 0.901563 0.608333 0.078125 0.261111
13 0.816406 0.719444 0.098437 0.200000
13 0.580469 0.891667 0.123438 0.211111
13 0.425000 0.906944 0.203125 0.175000
13 0.671875 0.715278 0.187500 0.175000
13 0.473438 0.519444 0.090625 0.177778
13 0.346875 0.595833 0.146875 0.291667
13 0.127344 0.243056 0.064062 0.141667
13 0.817187 0.081944 0.021875 0.047222
13 0.984375 0.233333 0.028125 0.055556
13 0.955469 0.219444 0.029687 0.055556
4 0.939063 0.131944 0.118750 0.130556
13 0.536719 0.516667 0.120313 0.116667
13 0.794531 0.379167 0.054688 0.163889
13 0.967187 0.476389 0.050000 0.097222