10 0.162500 0.523611 0.103125 0.325000
11 0.607031 0.687500 0.770312 0.602778
15 0.267969 0.387500 0.207813 0.219444
5 0.127344 0.355556 0.107813 0.105556
5 0.080469 0.331944 0.054688 0.097222
5 0.753906 0.319444 0.098437 0.100000
5 0.819531 0.318056 0.095312 0.102778
5 0.957812 0.312500 0.081250 0.102778
15 0.597656 0.295833 0.101562 0.108333
15 0.561719 0.347222 0.285938 0.155556
5 0.683594 0.319444 0.073438 0.100000
17 0.146875 0.270833 0.031250 0.030556
5 0.047656 0.270833 0.035937 0.030556
5 0.187500 0.270833 0.034375 0.030556