5 0.376563 0.456944 0.193750 0.225000
5 0.217188 0.383333 0.093750 0.133333
15 0.768750 0.672222 0.453125 0.633333
15 0.706250 0.320833 0.112500 0.091667
5 0.803125 0.351389 0.096875 0.080556
5 0.887500 0.354167 0.081250 0.097222
5 0.963281 0.363889 0.070312 0.105556
5 0.530469 0.440278 0.076563 0.180556
5 0.410156 0.379167 0.126562 0.130556
5 0.296094 0.344444 0.064062 0.077778
17 0.301563 0.294444 0.034375 0.033333
5 0.087500 0.331944 0.059375 0.091667
5 0.265625 0.311111 0.031250 0.055556
5 0.327344 0.308333 0.032813 0.055556
10 0.573438 0.344444 0.025000 0.044444
10 0.599219 0.334722 0.029687 0.030556