10 0.508594 0.458333 0.029687 0.100000
11 0.600781 0.425000 0.095312 0.077778
17 0.545312 0.423611 0.018750 0.058333
5 0.324219 0.429167 0.079687 0.041667
17 0.381250 0.412500 0.031250 0.047222
17 0.421094 0.416667 0.035937 0.044444
10 0.465625 0.425000 0.018750 0.027778
3 0.743750 0.458333 0.031250 0.055556
17 0.714844 0.422222 0.026562 0.055556
17 0.765625 0.418056 0.021875 0.047222
16 0.967187 0.486111 0.059375 0.077778
13 0.839844 0.531944 0.239063 0.336111
13 0.990625 0.408333 0.015625 0.050000
17 0.659375 0.420833 0.018750 0.052778