13 0.284375 0.625000 0.425000 0.733333
13 0.659375 0.604167 0.246875 0.769444
13 0.885938 0.620833 0.212500 0.736111
4 0.811719 0.269444 0.148438 0.283333
4 0.597656 0.186111 0.157812 0.155556
4 0.724219 0.219444 0.029687 0.111111
13 0.577344 0.434722 0.073438 0.363889
13 0.462500 0.445833 0.118750 0.408333
13 0.522656 0.381944 0.057813 0.286111
4 0.964063 0.212500 0.062500 0.141667
13 0.139063 0.341667 0.084375 0.166667
13 0.889062 0.627778 0.215625 0.722222
13 0.028906 0.363889 0.057813 0.222222