3 0.432031 0.365278 0.067187 0.341667
5 0.727344 0.309722 0.176563 0.208333
5 0.832031 0.237500 0.132812 0.097222
4 0.812500 0.194444 0.178125 0.122222
13 0.620313 0.259722 0.043750 0.130556
13 0.532813 0.268056 0.046875 0.102778
13 0.579688 0.252778 0.021875 0.061111
10 0.319531 0.308333 0.073438 0.133333
4 0.307031 0.256944 0.101562 0.147222
10 0.068750 0.347222 0.112500 0.161111
13 0.200781 0.312500 0.026562 0.075000
17 0.034375 0.341667 0.053125 0.111111
10 0.131250 0.331944 0.034375 0.080556
4 0.458594 0.240278 0.045312 0.058333
16 0.489844 0.252778 0.014063 0.022222