15 0.446094 0.461111 0.057813 0.122222
13 0.738281 0.441667 0.064062 0.105556
13 0.807031 0.450000 0.054688 0.105556
13 0.850781 0.455556 0.039062 0.100000
13 0.886719 0.468056 0.023438 0.058333
10 0.074219 0.520833 0.039062 0.102778
5 0.140625 0.433333 0.062500 0.088889
10 0.050781 0.444444 0.026562 0.088889
10 0.192969 0.325000 0.020313 0.055556
10 0.160156 0.331944 0.023438 0.058333
17 0.222656 0.316667 0.017188 0.061111
17 0.285938 0.234722 0.015625 0.036111
17 0.372656 0.318056 0.023438 0.058333
17 0.416406 0.250000 0.014063 0.038889
17 0.480469 0.309722 0.023438 0.052778
17 0.536719 0.276389 0.020313 0.041667
17 0.550781 0.284722 0.023438 0.025000
5 0.321875 0.409722 0.050000 0.080556
5 0.382031 0.419444 0.051562 0.088889
5 0.532813 0.420833 0.056250 0.086111
15 0.566406 0.381944 0.051562 0.080556
15 0.450000 0.375000 0.046875 0.072222
5 0.385937 0.354167 0.040625 0.058333
19 0.406250 0.308333 0.037500 0.077778
11 0.340625 0.290278 0.034375 0.075000
5 0.338281 0.345833 0.042188 0.063889
5 0.499219 0.370833 0.045312 0.069444
5 0.528906 0.318056 0.023438 0.047222
5 0.516406 0.298611 0.029687 0.047222
19 0.450781 0.316667 0.035937 0.061111
19 0.439844 0.294444 0.029687 0.066667
9 0.400781 0.268056 0.029687 0.052778
5 0.366406 0.270833 0.020313 0.036111
19 0.478125 0.269444 0.028125 0.061111
11 0.482031 0.287500 0.026562 0.036111
5 0.493750 0.331944 0.037500 0.047222
17 0.518750 0.270833 0.025000 0.036111
5 0.500781 0.265278 0.020313 0.036111
0 0.503125 0.233333 0.025000 0.038889
19 0.459375 0.231944 0.021875 0.041667
11 0.435156 0.245833 0.023438 0.063889
9 0.513281 0.244444 0.020313 0.016667
4 0.454688 0.181944 0.021875 0.047222
4 0.471094 0.173611 0.020313 0.036111
4 0.449219 0.151389 0.017188 0.036111
19 0.475000 0.193056 0.012500 0.025000
7 0.398438 0.227778 0.018750 0.033333
5 0.364844 0.247222 0.020313 0.016667
9 0.368750 0.226389 0.025000 0.036111
19 0.385156 0.190278 0.020313 0.025000
11 0.391406 0.170833 0.014063 0.013889
19 0.407813 0.186111 0.012500 0.016667
9 0.400781 0.200000 0.014063 0.022222
19 0.407031 0.220833 0.020313 0.036111
5 0.430469 0.181944 0.010937 0.019444
4 0.424219 0.145833 0.014063 0.019444
15 0.475000 0.227778 0.012500 0.022222
5 0.275781 0.222222 0.026562 0.027778
14 0.333594 0.179167 0.004687 0.019444
13 0.325000 0.176389 0.006250 0.019444
1 0.085156 0.301389 0.095312 0.113889