17 0.074219 0.650000 0.060937 0.105556
5 0.028125 0.563889 0.056250 0.044444
1 0.104688 0.504167 0.096875 0.113889
13 0.442969 0.713889 0.092188 0.127778
13 0.597656 0.793056 0.104688 0.147222
13 0.608594 0.744444 0.092188 0.105556
13 0.477344 0.640278 0.070312 0.102778
13 0.564844 0.673611 0.157812 0.102778
13 0.804688 0.776389 0.115625 0.141667
13 0.856250 0.741667 0.103125 0.138889
13 0.796094 0.612500 0.079687 0.097222
13 0.871094 0.619444 0.039062 0.088889
13 0.900781 0.668056 0.042188 0.113889
5 0.340625 0.573611 0.046875 0.075000
5 0.400000 0.573611 0.043750 0.075000
5 0.508594 0.547222 0.042188 0.066667
5 0.539844 0.594444 0.057813 0.083333
15 0.575781 0.561111 0.054688 0.077778
15 0.450781 0.565278 0.045312 0.080556
15 0.461719 0.533333 0.042188 0.066667
15 0.396094 0.529167 0.042188 0.052778
17 0.385156 0.506944 0.020313 0.058333
19 0.417969 0.494444 0.035937 0.072222
9 0.461719 0.502778 0.039062 0.066667
11 0.445312 0.430556 0.021875 0.050000
9 0.414844 0.451389 0.029687 0.047222
5 0.525781 0.483333 0.029687 0.044444
17 0.492188 0.487500 0.018750 0.041667
17 0.547656 0.456944 0.017188 0.030556
17 0.560156 0.465278 0.023438 0.025000
17 0.527344 0.448611 0.023438 0.025000
17 0.428906 0.431944 0.014063 0.030556
4 0.465625 0.370833 0.021875 0.041667
4 0.482031 0.362500 0.017188 0.036111
4 0.460938 0.343056 0.018750 0.030556
7 0.409375 0.419444 0.015625 0.027778
5 0.349219 0.536111 0.042188 0.061111
11 0.353125 0.480556 0.034375 0.072222
11 0.405469 0.369444 0.010937 0.016667
9 0.380469 0.418056 0.017188 0.030556
5 0.380469 0.461111 0.020313 0.033333
9 0.413281 0.393056 0.014063 0.019444
18 0.442188 0.400000 0.018750 0.011111
0 0.510156 0.415278 0.026562 0.030556
5 0.542969 0.500000 0.026562 0.044444
19 0.487500 0.458333 0.028125 0.055556
19 0.469531 0.420833 0.023438 0.041667
19 0.452344 0.480556 0.029687 0.066667
19 0.483594 0.412500 0.014063 0.025000
19 0.417969 0.379167 0.010937 0.019444
19 0.435937 0.379167 0.012500 0.019444
13 0.317188 0.387500 0.009375 0.025000
5 0.370312 0.362500 0.009375 0.013889
4 0.433594 0.343056 0.010937 0.019444
4 0.414062 0.340278 0.009375 0.019444
9 0.437500 0.359722 0.009375 0.013889