13 0.833594 0.743056 0.317188 0.480556
17 0.331250 0.550000 0.268750 0.372222
13 0.442969 0.695833 0.245312 0.591667
13 0.724219 0.647222 0.204687 0.555556
13 0.574219 0.568056 0.151562 0.452778
7 0.911719 0.354167 0.132812 0.197222
13 0.104688 0.551389 0.181250 0.269444
13 0.781250 0.405556 0.106250 0.144444
4 0.875000 0.269444 0.150000 0.122222
4 0.616406 0.270833 0.048438 0.080556
13 0.689063 0.338889 0.046875 0.083333
11 0.278125 0.345833 0.056250 0.091667
7 0.555469 0.298611 0.035937 0.063889
11 0.100000 0.365278 0.125000 0.119444
13 0.250000 0.387500 0.059375 0.097222