5 0.150781 0.790278 0.301563 0.319444
15 0.885156 0.729167 0.195312 0.191667
5 0.716406 0.713889 0.082812 0.088889
9 0.535156 0.716667 0.098437 0.188889
17 0.407813 0.697222 0.040625 0.083333
19 0.601562 0.695833 0.059375 0.097222
11 0.638281 0.691667 0.023438 0.061111
18 0.881250 0.629167 0.181250 0.125000
18 0.699219 0.659722 0.039062 0.025000
10 0.345313 0.698611 0.025000 0.069444
10 0.366406 0.706944 0.023438 0.080556
15 0.442969 0.683333 0.017188 0.038889
5 0.481250 0.693056 0.018750 0.041667