5 0.848958 0.455469 0.297917 0.295312
5 0.376042 0.310156 0.143750 0.067187
5 0.415625 0.296094 0.068750 0.045312
5 0.083333 0.296875 0.070833 0.040625
5 0.182292 0.288281 0.043750 0.029687
10 0.234375 0.295312 0.031250 0.046875
5 0.276042 0.286719 0.031250 0.026562
17 0.113542 0.289062 0.043750 0.040625
3 0.030208 0.291406 0.022917 0.042188
10 0.151042 0.282813 0.018750 0.028125
4 0.086458 0.263281 0.022917 0.007812
11 0.179167 0.263281 0.041667 0.020313
10 0.211458 0.289844 0.027083 0.045312
4 0.114583 0.261719 0.025000 0.010937
5 0.253125 0.290625 0.047917 0.037500
4 0.304167 0.265625 0.033333 0.012500