10 0.148438 0.716667 0.059375 0.200000
19 0.282813 0.693056 0.075000 0.147222
17 0.224219 0.681944 0.045312 0.091667
17 0.184375 0.677778 0.040625 0.088889
19 0.340625 0.677778 0.025000 0.055556
4 0.436719 0.665278 0.057813 0.136111
5 0.511719 0.701389 0.035937 0.047222
10 0.570312 0.706944 0.015625 0.058333
10 0.479687 0.701389 0.012500 0.047222
18 0.777344 0.652778 0.145313 0.127778
4 0.871094 0.670833 0.085938 0.097222
5 0.653906 0.705556 0.048438 0.027778
5 0.491406 0.698611 0.014063 0.030556