11 0.457031 0.918056 0.154688 0.147222
5 0.701562 0.740278 0.106250 0.180556
5 0.752344 0.594444 0.095312 0.116667
5 0.582031 0.641667 0.057813 0.116667
5 0.411719 0.562500 0.051562 0.086111
5 0.432812 0.493056 0.043750 0.063889
5 0.573438 0.448611 0.031250 0.058333
5 0.555469 0.406944 0.023438 0.041667
5 0.602344 0.433333 0.026562 0.044444
5 0.560156 0.379167 0.023438 0.030556
5 0.482812 0.384722 0.021875 0.036111
5 0.419531 0.822222 0.107813 0.205556
5 0.210938 0.680556 0.106250 0.116667
5 0.314844 0.506944 0.054688 0.069444
5 0.191406 0.529167 0.073438 0.063889
5 0.327344 0.434722 0.039062 0.036111
5 0.066406 0.623611 0.114062 0.108333
5 0.066406 0.893056 0.126562 0.191667
5 0.568750 0.356944 0.018750 0.019444
5 0.555469 0.354167 0.014063 0.019444
5 0.519531 0.325000 0.010937 0.016667
5 0.456250 0.309722 0.009375 0.008333
15 0.445312 0.423611 0.028125 0.047222
5 0.518750 0.397222 0.021875 0.033333
17 0.639062 0.915278 0.090625 0.158333
17 0.556250 0.816667 0.065625 0.205556
17 0.548438 0.568056 0.037500 0.097222
17 0.542969 0.456944 0.023438 0.058333
17 0.454688 0.400000 0.015625 0.027778
17 0.489844 0.412500 0.017188 0.041667
17 0.513281 0.408333 0.017188 0.033333
17 0.535156 0.422222 0.020313 0.044444
17 0.542969 0.365278 0.010937 0.030556
17 0.527344 0.359722 0.010937 0.030556
17 0.511719 0.365278 0.010937 0.030556
17 0.509375 0.359722 0.012500 0.025000
17 0.109375 0.654167 0.068750 0.119444
17 0.210156 0.559722 0.045312 0.086111
17 0.255469 0.580556 0.048438 0.094444
17 0.255469 0.509722 0.042188 0.058333
17 0.314844 0.406944 0.020313 0.036111
5 0.281250 0.476389 0.046875 0.052778
5 0.344531 0.466667 0.039062 0.050000
4 0.367188 0.368056 0.043750 0.063889
17 0.392969 0.359722 0.010937 0.025000
17 0.466406 0.361111 0.014063 0.027778
4 0.539844 0.294444 0.017188 0.027778
4 0.542969 0.331944 0.020313 0.041667
4 0.560156 0.312500 0.020313 0.041667
4 0.515625 0.293056 0.012500 0.019444
11 0.492969 0.291667 0.010937 0.022222
11 0.483594 0.325000 0.010937 0.027778
19 0.475000 0.343056 0.015625 0.025000
19 0.487500 0.362500 0.018750 0.030556
19 0.492969 0.344444 0.014063 0.027778
19 0.513281 0.334722 0.014063 0.025000
5 0.427344 0.341667 0.014063 0.022222
19 0.501563 0.586111 0.056250 0.138889
19 0.606250 0.541667 0.062500 0.122222
0 0.657813 0.487500 0.056250 0.097222
13 0.851562 0.584722 0.068750 0.113889
13 0.921094 0.601389 0.067187 0.119444
15 0.593750 0.386111 0.025000 0.038889
5 0.585156 0.368056 0.017188 0.025000
9 0.563281 0.331944 0.014063 0.025000
11 0.503125 0.311111 0.012500 0.011111
19 0.385937 0.644444 0.078125 0.166667
19 0.459375 0.450000 0.031250 0.072222
9 0.290625 0.433333 0.043750 0.050000
5 0.014844 0.730556 0.029687 0.072222
17 0.592969 0.462500 0.026562 0.041667
10 0.617188 0.452778 0.015625 0.055556
10 0.486719 0.675000 0.039062 0.111111
3 0.309375 0.648611 0.012500 0.052778
1 0.196094 0.443056 0.089063 0.102778
15 0.392188 0.386111 0.021875 0.022222
15 0.124219 0.500000 0.051562 0.055556
10 0.364844 0.409722 0.010937 0.036111
10 0.743750 0.929167 0.056250 0.125000