5 0.138281 0.822222 0.276562 0.333333
8 0.758594 0.719444 0.195312 0.272222
10 0.269531 0.698611 0.039062 0.152778
5 0.108594 0.670833 0.145313 0.086111
13 0.473438 0.688889 0.084375 0.116667
13 0.315625 0.648611 0.021875 0.047222
9 0.417187 0.637500 0.018750 0.030556
4 0.445312 0.633333 0.037500 0.061111
13 0.392188 0.645833 0.015625 0.047222
5 0.586719 0.694444 0.054688 0.083333
16 0.628906 0.686111 0.039062 0.072222
13 0.506250 0.655556 0.018750 0.061111
13 0.539062 0.673611 0.031250 0.080556
5 0.546094 0.665278 0.026562 0.052778
9 0.583594 0.656944 0.035937 0.041667
5 0.950781 0.773611 0.092188 0.136111
17 0.861719 0.716667 0.045312 0.088889