5 0.626563 0.769444 0.490625 0.455556
13 0.115625 0.719444 0.231250 0.555556
13 0.260156 0.602778 0.145313 0.438889
13 0.484375 0.523611 0.100000 0.252778
3 0.375000 0.566667 0.046875 0.338889
13 0.378906 0.534722 0.095312 0.286111
13 0.313281 0.441667 0.064062 0.161111
13 0.564063 0.463889 0.075000 0.183333
13 0.401562 0.388889 0.046875 0.072222
13 0.473438 0.391667 0.059375 0.038889
13 0.901563 0.588889 0.131250 0.355556
13 0.796875 0.479167 0.084375 0.180556
13 0.958594 0.526389 0.076563 0.225000