5 0.646875 0.784722 0.218750 0.213889
17 0.459375 0.531944 0.046875 0.119444
10 0.414844 0.433333 0.026562 0.066667
10 0.213281 0.704167 0.054688 0.152778
10 0.148438 0.548611 0.059375 0.091667
10 0.032813 0.868056 0.062500 0.141667
10 0.462500 0.393056 0.018750 0.063889
5 0.607031 0.418056 0.045312 0.075000
5 0.670312 0.430556 0.043750 0.083333
5 0.825000 0.462500 0.059375 0.091667
5 0.814844 0.337500 0.035937 0.047222
5 0.827344 0.356944 0.026562 0.047222
17 0.496094 0.343056 0.023438 0.052778
5 0.618750 0.383333 0.040625 0.061111
11 0.622656 0.329167 0.035937 0.075000
17 0.657031 0.354167 0.023438 0.052778
19 0.689844 0.348611 0.039062 0.086111
15 0.724219 0.431944 0.048438 0.102778
15 0.339844 0.381944 0.045312 0.052778
1 0.404687 0.338889 0.078125 0.100000
15 0.870313 0.429167 0.062500 0.097222
13 0.968750 0.502778 0.053125 0.122222
5 0.789844 0.416667 0.048438 0.083333
15 0.737500 0.387500 0.046875 0.069444
5 0.786719 0.366667 0.042188 0.038889
19 0.769531 0.305556 0.026562 0.055556
19 0.730469 0.330556 0.035937 0.072222
7 0.685937 0.265278 0.018750 0.041667
4 0.744531 0.179167 0.020313 0.025000
19 0.750781 0.268056 0.023438 0.041667
19 0.689063 0.236111 0.015625 0.022222
19 0.695312 0.254167 0.018750 0.030556
11 0.682813 0.213889 0.012500 0.016667
9 0.656250 0.262500 0.021875 0.036111
5 0.650000 0.305556 0.018750 0.027778
5 0.652344 0.290278 0.023438 0.025000
19 0.714063 0.223611 0.015625 0.019444
11 0.725000 0.280556 0.028125 0.061111
17 0.704688 0.284722 0.012500 0.041667
4 0.747656 0.219444 0.023438 0.044444
4 0.768750 0.204167 0.021875 0.041667
0 0.800781 0.262500 0.029687 0.041667
9 0.814063 0.280556 0.021875 0.022222
5 0.798438 0.301389 0.025000 0.041667
19 0.696875 0.222222 0.012500 0.016667
9 0.666406 0.247222 0.017188 0.022222
9 0.676562 0.227778 0.015625 0.022222
9 0.721094 0.216667 0.010937 0.016667
17 0.842187 0.311111 0.021875 0.038889
17 0.857031 0.320833 0.026562 0.025000
13 0.607031 0.225000 0.007812 0.016667
5 0.653906 0.190278 0.007812 0.019444
19 0.860156 0.361111 0.042188 0.061111
17 0.772656 0.337500 0.023438 0.036111
9 0.738281 0.344444 0.039062 0.044444