11 0.569531 0.501389 0.051562 0.130556
5 0.507031 0.476389 0.035937 0.052778
5 0.396094 0.462500 0.039062 0.041667
17 0.304688 0.568056 0.043750 0.086111
17 0.332031 0.527778 0.035937 0.072222
17 0.244531 0.636111 0.070312 0.066667
17 0.887500 0.615278 0.053125 0.091667
17 0.855469 0.545833 0.051562 0.058333
17 0.871094 0.580556 0.057813 0.072222
17 0.828906 0.520833 0.035937 0.047222
17 0.832812 0.486111 0.034375 0.038889
17 0.813281 0.461111 0.026562 0.038889
17 0.799219 0.554167 0.048438 0.052778
17 0.778906 0.438889 0.023438 0.022222
10 0.704688 0.606944 0.028125 0.097222
10 0.736719 0.590278 0.020313 0.063889
10 0.753906 0.579167 0.020313 0.052778
10 0.770312 0.595833 0.031250 0.052778
10 0.969531 0.552778 0.035937 0.055556
10 0.496875 0.351389 0.006250 0.019444
17 0.500781 0.341667 0.007812 0.016667
17 0.516406 0.340278 0.007812 0.019444
5 0.528906 0.345833 0.010937 0.019444
5 0.549219 0.340278 0.010937 0.025000
5 0.411719 0.656944 0.070312 0.058333
5 0.926562 0.958333 0.134375 0.077778
5 0.814844 0.615278 0.085938 0.086111
5 0.761719 0.662500 0.082812 0.097222
5 0.961719 0.615278 0.070312 0.075000
5 0.960938 0.690278 0.075000 0.069444
19 0.816406 0.691667 0.095312 0.050000
5 0.703125 0.573611 0.062500 0.086111
5 0.907813 0.548611 0.078125 0.080556
5 0.791406 0.520833 0.054688 0.030556
9 0.746094 0.530556 0.057813 0.077778
5 0.678906 0.520833 0.051562 0.063889
4 0.683594 0.361111 0.035937 0.033333
4 0.660156 0.354167 0.007812 0.025000
4 0.634375 0.329167 0.025000 0.025000
15 0.713281 0.500000 0.042188 0.050000
5 0.753906 0.488889 0.042188 0.033333
15 0.730469 0.456944 0.042188 0.036111
17 0.674219 0.441667 0.020313 0.033333
17 0.741406 0.434722 0.023438 0.019444
15 0.709375 0.434722 0.031250 0.036111
5 0.660156 0.487500 0.039062 0.058333
5 0.643750 0.463889 0.031250 0.050000
19 0.633594 0.433333 0.035937 0.061111
11 0.671875 0.380556 0.028125 0.033333
9 0.611719 0.395833 0.020313 0.036111
11 0.618750 0.341667 0.015625 0.022222
15 0.594531 0.372222 0.010937 0.027778
15 0.714063 0.419444 0.025000 0.027778
15 0.677344 0.411111 0.023438 0.022222
5 0.659375 0.438889 0.012500 0.038889
19 0.625000 0.369444 0.018750 0.016667
5 0.589063 0.356944 0.012500 0.019444
11 0.585938 0.331944 0.015625 0.019444
4 0.599219 0.309722 0.010937 0.019444
17 0.539844 0.325000 0.007812 0.016667
17 0.527344 0.312500 0.007812 0.013889
5 0.542969 0.304167 0.007812 0.008333
5 0.557813 0.320833 0.009375 0.013889