17 0.833594 0.872222 0.139063 0.244444
5 0.694531 0.866667 0.160938 0.261111
7 0.385156 0.700000 0.098437 0.327778
9 0.542188 0.680556 0.100000 0.311111
5 0.625781 0.598611 0.085938 0.158333
17 0.700781 0.554167 0.067187 0.158333
10 0.747656 0.662500 0.045312 0.163889
13 0.846875 0.487500 0.062500 0.119444
13 0.773438 0.454167 0.053125 0.091667
13 0.901563 0.498611 0.043750 0.119444
5 0.263281 0.734722 0.129688 0.241667
5 0.205469 0.951389 0.145313 0.080556
5 0.483594 0.923611 0.123438 0.141667
11 0.434375 0.531944 0.068750 0.230556
11 0.449219 0.263889 0.032813 0.061111
11 0.425000 0.177778 0.012500 0.022222
19 0.508594 0.311111 0.035937 0.072222
19 0.435937 0.331944 0.037500 0.091667
19 0.417969 0.254167 0.026562 0.058333
19 0.432812 0.204167 0.015625 0.030556
9 0.527344 0.234722 0.023438 0.030556
19 0.353906 0.381944 0.051562 0.108333
5 0.366406 0.336111 0.039062 0.061111
5 0.387500 0.281944 0.031250 0.052778
15 0.396094 0.234722 0.020313 0.036111
17 0.411719 0.202778 0.010937 0.027778
17 0.405469 0.222222 0.014063 0.027778
19 0.417969 0.194444 0.014063 0.027778
4 0.482031 0.152778 0.017188 0.033333
5 0.552344 0.365278 0.039062 0.075000
5 0.496094 0.383333 0.039062 0.066667
17 0.473438 0.329167 0.025000 0.063889
17 0.464062 0.418056 0.031250 0.069444
17 0.510156 0.473611 0.039062 0.108333
5 0.580469 0.331944 0.045312 0.058333
0 0.553125 0.280556 0.034375 0.061111
17 0.516406 0.273611 0.017188 0.041667
17 0.479687 0.261111 0.015625 0.038889
17 0.448437 0.225000 0.012500 0.016667
17 0.464062 0.233333 0.012500 0.022222
17 0.476562 0.238889 0.012500 0.016667
17 0.452344 0.211111 0.010937 0.016667
17 0.466406 0.204167 0.010937 0.019444
17 0.202344 0.331944 0.035937 0.063889
17 0.153906 0.329167 0.035937 0.058333
17 0.285938 0.244444 0.018750 0.044444
17 0.021094 0.516667 0.042188 0.088889
5 0.059375 0.623611 0.118750 0.163889
5 0.160938 0.462500 0.103125 0.097222
5 0.140625 0.390278 0.084375 0.075000
9 0.053906 0.395833 0.101562 0.102778
10 0.229687 0.350000 0.018750 0.066667
5 0.272656 0.329167 0.048438 0.058333
15 0.242969 0.301389 0.039062 0.052778
15 0.294531 0.283333 0.023438 0.055556
15 0.320312 0.240278 0.021875 0.025000
4 0.225000 0.252778 0.075000 0.088889
10 0.310156 0.213889 0.004687 0.027778
15 0.044531 0.325000 0.054688 0.050000
1 0.122656 0.277778 0.095312 0.105556
15 0.033594 0.475000 0.067187 0.072222
5 0.317969 0.529167 0.082812 0.130556
5 0.430469 0.225000 0.017188 0.022222
5 0.500000 0.222222 0.015625 0.027778
5 0.486719 0.233333 0.017188 0.027778
5 0.470313 0.220833 0.015625 0.019444
4 0.486719 0.188889 0.020313 0.044444
5 0.529687 0.254167 0.018750 0.030556
5 0.499219 0.259722 0.023438 0.036111
9 0.506250 0.195833 0.015625 0.025000
9 0.462500 0.181944 0.009375 0.019444
4 0.503906 0.168056 0.020313 0.030556
5 0.518750 0.220833 0.018750 0.025000
5 0.512500 0.206944 0.015625 0.013889
19 0.438281 0.184722 0.010937 0.019444
9 0.442969 0.169444 0.010937 0.016667
15 0.457031 0.168056 0.010937 0.013889
15 0.375000 0.177778 0.012500 0.016667
4 0.435937 0.143056 0.012500 0.019444