17 0.236719 0.784722 0.070312 0.169444
17 0.952344 0.862500 0.082812 0.180556
17 0.932813 0.800000 0.100000 0.150000
17 0.853906 0.698611 0.070312 0.130556
17 0.904687 0.738889 0.090625 0.122222
17 0.853906 0.604167 0.064062 0.063889
17 0.944531 0.618056 0.073438 0.063889
17 0.814063 0.579167 0.053125 0.069444
17 0.262500 0.547222 0.037500 0.088889
10 0.225781 0.623611 0.032813 0.097222
4 0.069531 0.806944 0.139063 0.375000
5 0.354687 0.543056 0.056250 0.080556
5 0.278125 0.415278 0.028125 0.047222
5 0.254688 0.940278 0.125000 0.108333
5 0.393750 0.844444 0.115625 0.177778
11 0.331250 0.340278 0.025000 0.063889
5 0.307031 0.336111 0.017188 0.027778
5 0.303125 0.315278 0.015625 0.025000
18 0.290625 0.287500 0.015625 0.008333
17 0.278125 0.305556 0.012500 0.022222
17 0.289062 0.304167 0.009375 0.019444
5 0.329688 0.298611 0.012500 0.008333
11 0.345313 0.309722 0.015625 0.030556
5 0.313281 0.305556 0.010937 0.022222
5 0.835938 0.883333 0.165625 0.172222
5 0.742188 0.937500 0.153125 0.097222
5 0.914062 0.962500 0.153125 0.047222
9 0.705469 0.723611 0.114062 0.169444
10 0.632812 0.880556 0.056250 0.194444
10 0.691406 0.843056 0.057813 0.130556
10 0.747656 0.845833 0.039062 0.102778
10 0.726562 0.825000 0.043750 0.144444
5 0.587500 0.720833 0.106250 0.141667
5 0.961719 0.718056 0.067187 0.125000
15 0.776563 0.613889 0.093750 0.105556
15 0.673438 0.584722 0.084375 0.091667
17 0.566406 0.555556 0.042188 0.066667
4 0.635938 0.420833 0.112500 0.102778
11 0.557813 0.427778 0.053125 0.066667
5 0.546094 0.651389 0.073438 0.125000
5 0.508594 0.598611 0.070312 0.097222
5 0.592969 0.604167 0.073438 0.097222
17 0.685156 0.530556 0.054688 0.038889
19 0.490625 0.534722 0.065625 0.125000
19 0.471875 0.420833 0.037500 0.058333
19 0.446875 0.477778 0.046875 0.088889
9 0.413281 0.425000 0.020313 0.072222
9 0.404687 0.398611 0.028125 0.047222
4 0.486719 0.348611 0.048438 0.063889
11 0.457813 0.359722 0.031250 0.041667
17 0.514844 0.433333 0.026562 0.044444
18 0.519531 0.391667 0.048438 0.044444
4 0.564063 0.386111 0.040625 0.044444
11 0.395313 0.358333 0.028125 0.050000
15 0.420312 0.348611 0.018750 0.041667
4 0.420312 0.295833 0.018750 0.025000
5 0.389844 0.320833 0.014063 0.013889
5 0.386719 0.298611 0.014063 0.013889
11 0.377344 0.318056 0.017188 0.036111
17 0.808594 0.751389 0.092188 0.097222
5 0.789844 0.701389 0.117188 0.091667
5 0.716406 0.633333 0.085938 0.061111
5 0.786719 0.552778 0.067187 0.050000
9 0.636719 0.502778 0.051562 0.055556
9 0.574219 0.488889 0.051562 0.050000
5 0.546094 0.545833 0.048438 0.075000
10 0.714063 0.477778 0.018750 0.038889
15 0.733594 0.525000 0.057813 0.055556