13 0.421875 0.743056 0.256250 0.480556
13 0.625000 0.840278 0.334375 0.308333
11 0.669531 0.490278 0.148438 0.263889
4 0.604688 0.401389 0.112500 0.213889
13 0.836719 0.508333 0.073438 0.211111
13 0.774219 0.466667 0.045312 0.161111
13 0.956250 0.487500 0.081250 0.158333
11 0.094531 0.573611 0.189062 0.402778
11 0.213281 0.498611 0.157812 0.269444
11 0.299219 0.443056 0.089063 0.158333
11 0.344531 0.412500 0.060937 0.108333
13 0.488281 0.425000 0.029687 0.088889
13 0.517188 0.437500 0.028125 0.086111
11 0.807031 0.412500 0.082812 0.075000