5 0.225000 0.870833 0.396875 0.236111
13 0.613281 0.812500 0.207813 0.280556
13 0.430469 0.793056 0.214062 0.263889
16 0.267969 0.740278 0.123438 0.097222
9 0.402344 0.723611 0.076563 0.108333
17 0.442969 0.706944 0.029687 0.069444
10 0.445312 0.722222 0.021875 0.077778
15 0.357031 0.704167 0.042188 0.069444
5 0.123438 0.768056 0.218750 0.119444
16 0.304688 0.708333 0.043750 0.055556
13 0.048438 0.715278 0.025000 0.052778
9 0.175781 0.687500 0.026562 0.025000
9 0.189844 0.684722 0.017188 0.019444
10 0.500000 0.701389 0.018750 0.058333
13 0.783594 0.723611 0.048438 0.102778
13 0.857812 0.720833 0.071875 0.108333