5 0.890625 0.680556 0.100000 0.111111
5 0.954688 0.652778 0.062500 0.077778
4 0.935937 0.604167 0.112500 0.091667
13 0.678125 0.654167 0.062500 0.080556
13 0.698438 0.652778 0.040625 0.077778
13 0.826562 0.633333 0.034375 0.061111
5 0.528125 0.686111 0.100000 0.072222
13 0.133594 0.745833 0.051562 0.125000
16 0.218750 0.687500 0.050000 0.063889
4 0.164844 0.650000 0.054688 0.088889
4 0.068750 0.668056 0.053125 0.091667
5 0.300781 0.668056 0.042188 0.041667
13 0.757812 0.637500 0.028125 0.058333
13 0.857812 0.626389 0.018750 0.041667
13 0.035156 0.675000 0.014063 0.050000
13 0.263281 0.656944 0.014063 0.036111