5 0.591667 0.456250 0.154167 0.081250
10 0.753125 0.447656 0.056250 0.073438
5 0.422917 0.441406 0.112500 0.060937
5 0.126042 0.424219 0.081250 0.051562
11 0.250000 0.406250 0.091667 0.087500
4 0.168750 0.379688 0.062500 0.037500
3 0.060417 0.423438 0.029167 0.062500
5 0.363542 0.432031 0.081250 0.051562
5 0.317708 0.417969 0.047917 0.035937
5 0.478125 0.434375 0.060417 0.050000
4 0.932292 0.407813 0.131250 0.043750
4 0.841667 0.405469 0.062500 0.035937
5 0.185417 0.415625 0.045833 0.037500
9 0.392708 0.400781 0.047917 0.017188
9 0.338542 0.400781 0.056250 0.017188