5 0.739062 0.848611 0.153125 0.291667
5 0.692969 0.619444 0.098437 0.150000
5 0.330469 0.859722 0.139063 0.269444
5 0.417187 0.475000 0.053125 0.100000
5 0.614844 0.463889 0.054688 0.088889
9 0.703906 0.502778 0.082812 0.116667
5 0.577344 0.570833 0.076563 0.130556
5 0.502344 0.583333 0.064062 0.133333
5 0.485938 0.493056 0.053125 0.097222
5 0.303906 0.447222 0.057813 0.066667
19 0.491406 0.420833 0.045312 0.097222
5 0.611719 0.358333 0.039062 0.050000
5 0.652344 0.398611 0.051562 0.063889
5 0.610938 0.322222 0.031250 0.033333
5 0.285156 0.400000 0.060937 0.066667
5 0.341406 0.390278 0.045312 0.052778
5 0.358594 0.361111 0.029687 0.038889
5 0.387500 0.305556 0.025000 0.022222
5 0.453906 0.315278 0.023438 0.036111
5 0.089063 0.595833 0.128125 0.125000
5 0.032031 0.587500 0.064062 0.108333
5 0.317969 0.365278 0.029687 0.041667
5 0.356250 0.327778 0.025000 0.033333
15 0.286719 0.400000 0.054688 0.061111
5 0.045312 0.779167 0.090625 0.180556
19 0.178125 0.634722 0.140625 0.197222
9 0.421094 0.590278 0.073438 0.186111
17 0.545312 0.851389 0.090625 0.236111
17 0.567969 0.677778 0.057813 0.177778
17 0.550781 0.456944 0.035937 0.080556
17 0.564063 0.415278 0.028125 0.063889
17 0.533594 0.404167 0.026562 0.069444
17 0.514844 0.386111 0.020313 0.055556
17 0.443750 0.437500 0.028125 0.075000
17 0.456250 0.398611 0.025000 0.063889
17 0.528906 0.361111 0.023438 0.033333
5 0.487500 0.300000 0.018750 0.033333
5 0.513281 0.281944 0.017188 0.019444
5 0.527344 0.277778 0.017188 0.027778
9 0.523438 0.243056 0.015625 0.025000
4 0.568750 0.311111 0.043750 0.088889
4 0.565625 0.256944 0.037500 0.025000
4 0.564063 0.230556 0.018750 0.027778
4 0.542969 0.223611 0.017188 0.047222
15 0.493750 0.273611 0.018750 0.025000
9 0.477344 0.326389 0.023438 0.052778
19 0.442969 0.361111 0.032813 0.066667
17 0.563281 0.376389 0.023438 0.025000
10 0.602344 0.402778 0.017188 0.050000
4 0.517188 0.212500 0.012500 0.019444
9 0.501563 0.258333 0.012500 0.022222
11 0.467187 0.277778 0.018750 0.038889
9 0.488281 0.241667 0.010937 0.016667
5 0.481250 0.268056 0.009375 0.025000
19 0.493750 0.229167 0.009375 0.013889
19 0.502344 0.240278 0.010937 0.013889
17 0.235156 0.470833 0.048438 0.080556
17 0.201563 0.445833 0.043750 0.075000
17 0.264844 0.384722 0.029687 0.058333
10 0.299219 0.355556 0.017188 0.033333
1 0.199219 0.365278 0.085938 0.102778
10 0.317969 0.331944 0.010937 0.030556
10 0.299219 0.351389 0.010937 0.041667
10 0.282031 0.351389 0.014063 0.041667
17 0.359375 0.301389 0.015625 0.025000
17 0.389844 0.284722 0.014063 0.019444
17 0.414844 0.277778 0.010937 0.022222
5 0.387500 0.280556 0.018750 0.022222
5 0.407031 0.270833 0.014063 0.025000
5 0.433594 0.258333 0.014063 0.016667
5 0.419531 0.254167 0.014063 0.025000
5 0.433594 0.244444 0.010937 0.011111
4 0.448437 0.233333 0.015625 0.027778
4 0.496875 0.211111 0.012500 0.016667
13 0.851562 0.501389 0.071875 0.119444
13 0.937500 0.516667 0.081250 0.111111
10 0.210156 0.852778 0.089063 0.233333
17 0.174219 0.486111 0.054688 0.088889
15 0.129688 0.423611 0.050000 0.063889
10 0.135156 0.891667 0.110937 0.172222