17 0.811719 0.606944 0.092188 0.091667
17 0.951562 0.704167 0.084375 0.163889
17 0.931250 0.647222 0.087500 0.138889
17 0.850781 0.552778 0.076563 0.127778
17 0.859375 0.462500 0.056250 0.069444
17 0.929688 0.475000 0.062500 0.066667
17 0.975000 0.491667 0.043750 0.033333
17 0.805469 0.426389 0.051562 0.063889
17 0.700781 0.397222 0.039062 0.038889
10 0.649219 0.731944 0.051562 0.191667
11 0.375781 0.291667 0.042188 0.094444
5 0.307031 0.298611 0.029687 0.036111
5 0.049219 0.508333 0.076563 0.094444
5 0.750000 0.858333 0.150000 0.250000
9 0.863281 0.906944 0.217188 0.180556
5 0.838281 0.729167 0.148438 0.163889
5 0.920312 0.870833 0.150000 0.197222
5 0.960156 0.558333 0.070312 0.088889
5 0.794531 0.559722 0.110937 0.091667
9 0.712500 0.576389 0.103125 0.147222
5 0.596875 0.568056 0.090625 0.130556
4 0.628125 0.291667 0.093750 0.094444
5 0.767969 0.402778 0.060937 0.044444
15 0.682813 0.443056 0.075000 0.069444
5 0.610938 0.465278 0.065625 0.075000
17 0.583594 0.422222 0.039062 0.072222
19 0.514062 0.409722 0.062500 0.119444
11 0.576562 0.308333 0.046875 0.066667
11 0.477344 0.238889 0.029687 0.044444
18 0.421875 0.231944 0.025000 0.047222
18 0.367969 0.200000 0.017188 0.038889
5 0.355469 0.241667 0.020313 0.027778
4 0.509375 0.225000 0.043750 0.055556
19 0.493750 0.300000 0.037500 0.061111
9 0.651563 0.368056 0.050000 0.058333
5 0.675000 0.345833 0.037500 0.030556
5 0.710938 0.368056 0.046875 0.041667
15 0.640625 0.409722 0.056250 0.086111
9 0.589844 0.362500 0.042188 0.052778
5 0.526563 0.468056 0.056250 0.091667
5 0.560156 0.509722 0.070312 0.119444
5 0.638281 0.668056 0.110937 0.186111
10 0.696875 0.718056 0.046875 0.186111
10 0.753906 0.690278 0.057813 0.102778
5 0.907031 0.506944 0.076563 0.058333
9 0.473438 0.345833 0.037500 0.080556
5 0.558594 0.411111 0.042188 0.066667
5 0.653906 0.519444 0.079687 0.094444
10 0.286719 0.219444 0.007812 0.022222
17 0.296875 0.202778 0.009375 0.022222
17 0.310156 0.198611 0.010937 0.025000
4 0.567969 0.254167 0.029687 0.036111
15 0.439063 0.298611 0.021875 0.058333
11 0.422656 0.238889 0.023438 0.061111
5 0.319531 0.701389 0.101562 0.169444