15 0.346875 0.690278 0.171875 0.152778
19 0.632031 0.698611 0.064062 0.091667
17 0.060156 0.672222 0.089063 0.188889
10 0.190625 0.683333 0.065625 0.111111
5 0.417969 0.702778 0.048438 0.072222
17 0.457031 0.691667 0.020313 0.055556
5 0.513281 0.701389 0.032813 0.047222
10 0.553906 0.701389 0.014063 0.058333
9 0.575781 0.694444 0.029687 0.061111
17 0.482031 0.684722 0.010937 0.025000
11 0.714844 0.704167 0.073438 0.097222
4 0.791406 0.662500 0.123438 0.097222
9 0.856250 0.695833 0.046875 0.036111
5 0.910156 0.751389 0.173437 0.175000
10 0.592969 0.727778 0.035937 0.122222