5 0.317188 0.837500 0.390625 0.308333
4 0.182031 0.620833 0.339062 0.252778
16 0.726562 0.650000 0.171875 0.127778
5 0.550000 0.662500 0.165625 0.113889
17 0.639844 0.631944 0.073438 0.091667
4 0.563281 0.590278 0.164062 0.086111
13 0.492969 0.629167 0.054688 0.080556
10 0.440625 0.643056 0.046875 0.086111
13 0.879687 0.583333 0.021875 0.055556
5 0.971875 0.609722 0.053125 0.075000
15 0.938281 0.583333 0.039062 0.055556
17 0.750000 0.583333 0.021875 0.022222
15 0.769531 0.583333 0.020313 0.027778
17 0.677344 0.604167 0.032813 0.047222