17 0.370312 0.894444 0.156250 0.200000
17 0.501563 0.595833 0.100000 0.125000
17 0.203125 0.331944 0.018750 0.041667
17 0.440625 0.368056 0.025000 0.052778
17 0.510156 0.340278 0.023438 0.019444
17 0.496875 0.334722 0.018750 0.036111
17 0.372656 0.305556 0.010937 0.033333
17 0.478125 0.320833 0.021875 0.025000
17 0.329688 0.373611 0.021875 0.052778
5 0.136719 0.693056 0.204687 0.163889
11 0.652344 0.619444 0.179688 0.144444
15 0.668750 0.877778 0.265625 0.188889
5 0.416406 0.751389 0.201563 0.158333
13 0.467187 0.856944 0.106250 0.236111
13 0.600781 0.518056 0.067187 0.108333
13 0.206250 0.605556 0.046875 0.122222
13 0.027344 0.604167 0.054688 0.108333
13 0.948438 0.634722 0.078125 0.113889
13 0.956250 0.540278 0.059375 0.058333
11 0.294531 0.345833 0.035937 0.069444
12 0.039844 0.363889 0.079687 0.122222
15 0.958594 0.395833 0.073438 0.102778
5 0.281250 0.441667 0.046875 0.072222
5 0.344531 0.445833 0.045312 0.080556
15 0.397656 0.444444 0.042188 0.088889
5 0.489063 0.470833 0.056250 0.080556
15 0.526563 0.437500 0.050000 0.080556
19 0.515625 0.390278 0.034375 0.080556
5 0.457813 0.426389 0.040625 0.069444
7 0.353125 0.281944 0.018750 0.030556
11 0.391406 0.304167 0.023438 0.063889
19 0.364063 0.365278 0.034375 0.075000
9 0.249219 0.275000 0.023438 0.038889
10 0.281250 0.245833 0.006250 0.019444
10 0.300781 0.230556 0.004687 0.016667
15 0.435937 0.327778 0.028125 0.055556
9 0.408594 0.368056 0.035937 0.058333
9 0.400000 0.348611 0.028125 0.063889
5 0.291406 0.401389 0.042188 0.058333
5 0.453125 0.391667 0.037500 0.055556
5 0.486719 0.377778 0.020313 0.044444
5 0.474219 0.356944 0.029687 0.047222
0 0.458594 0.284722 0.023438 0.036111
9 0.458594 0.325000 0.017188 0.038889
19 0.416406 0.290278 0.020313 0.041667
15 0.358594 0.325000 0.026562 0.050000
5 0.321094 0.327778 0.023438 0.033333
5 0.316406 0.305556 0.023438 0.016667
9 0.321875 0.283333 0.025000 0.033333
5 0.320312 0.294444 0.021875 0.011111
19 0.361719 0.275000 0.020313 0.033333
19 0.356250 0.258333 0.015625 0.022222
4 0.410938 0.234722 0.021875 0.041667
4 0.429688 0.223611 0.015625 0.025000
19 0.431250 0.250000 0.012500 0.022222
8 0.378906 0.243056 0.010937 0.013889
19 0.342969 0.247222 0.014063 0.022222
5 0.115625 0.554167 0.084375 0.130556
5 0.920312 0.927778 0.150000 0.133333
10 0.585156 0.954167 0.076563 0.075000