11 0.176563 0.683333 0.165625 0.394444
5 0.386719 0.727778 0.123438 0.272222
9 0.490625 0.558333 0.096875 0.255556
17 0.634375 0.826389 0.100000 0.302778
19 0.718750 0.670833 0.162500 0.313889
11 0.518750 0.415278 0.071875 0.119444
5 0.589844 0.395833 0.060937 0.108333
17 0.673438 0.376389 0.059375 0.113889
5 0.693750 0.490278 0.093750 0.119444
17 0.602344 0.286111 0.035937 0.077778
10 0.617188 0.337500 0.025000 0.080556
9 0.503906 0.295833 0.054688 0.102778
5 0.436719 0.325000 0.054688 0.094444
11 0.436719 0.231944 0.042188 0.113889
17 0.485156 0.225000 0.026562 0.061111
5 0.053125 0.454167 0.106250 0.136111
5 0.082812 0.308333 0.078125 0.088889
5 0.217188 0.204167 0.034375 0.058333
5 0.275000 0.433333 0.081250 0.133333
5 0.306250 0.322222 0.056250 0.094444
5 0.318750 0.254167 0.046875 0.069444
5 0.331250 0.204167 0.037500 0.063889
15 0.374219 0.434722 0.089063 0.175000
17 0.451562 0.384722 0.043750 0.119444
7 0.378125 0.238889 0.040625 0.111111
5 0.532813 0.226389 0.034375 0.063889
17 0.311719 0.961111 0.114062 0.066667
15 0.507031 0.879167 0.092188 0.225000
0 0.532813 0.169444 0.034375 0.061111
17 0.563281 0.245833 0.032813 0.075000
5 0.550781 0.200000 0.026562 0.050000
5 0.496875 0.191667 0.046875 0.050000
19 0.472656 0.165278 0.029687 0.063889
17 0.410938 0.201389 0.012500 0.058333
17 0.432031 0.156944 0.020313 0.030556
5 0.493750 0.152778 0.018750 0.027778
5 0.481250 0.130556 0.025000 0.016667
4 0.467969 0.091667 0.029687 0.055556
4 0.493750 0.079167 0.028125 0.058333
4 0.464062 0.044444 0.025000 0.044444
4 0.428125 0.040278 0.018750 0.030556
4 0.398438 0.033333 0.015625 0.033333
18 0.433594 0.143056 0.029687 0.058333
19 0.397656 0.148611 0.026562 0.052778
19 0.393750 0.116667 0.021875 0.044444
13 0.956250 0.518056 0.081250 0.169444
13 0.864844 0.484722 0.089063 0.152778
19 0.338281 0.159722 0.035937 0.075000
5 0.358594 0.133333 0.023438 0.038889
5 0.363281 0.119444 0.023438 0.033333
19 0.375781 0.100000 0.020313 0.038889
11 0.383594 0.073611 0.017188 0.025000
19 0.402344 0.090278 0.017188 0.025000
19 0.424219 0.095833 0.020313 0.030556
17 0.419531 0.129167 0.014063 0.041667
9 0.433594 0.084722 0.020313 0.025000
5 0.446094 0.076389 0.007812 0.025000
19 0.409375 0.059722 0.015625 0.019444
10 0.285156 0.097222 0.007812 0.033333
10 0.291406 0.081944 0.007812 0.025000
17 0.324219 0.069444 0.010937 0.027778
17 0.339062 0.050000 0.009375 0.022222
5 0.349219 0.041667 0.010937 0.016667
10 0.363281 0.041667 0.004687 0.016667
1 0.012500 0.204167 0.025000 0.130556