5 0.314844 0.843056 0.373437 0.308333
17 0.873437 0.706944 0.109375 0.169444
17 0.680469 0.670833 0.048438 0.091667
17 0.630469 0.654167 0.035937 0.075000
16 0.451562 0.684722 0.078125 0.097222
9 0.492969 0.668056 0.067187 0.102778
5 0.065625 0.756944 0.128125 0.147222
13 0.164844 0.701389 0.110937 0.125000
5 0.333594 0.723611 0.189062 0.136111
5 0.383594 0.694444 0.092188 0.088889
9 0.280469 0.643056 0.023438 0.030556
13 0.280469 0.650000 0.014063 0.033333
13 0.358594 0.640278 0.023438 0.030556
16 0.403906 0.641667 0.029687 0.027778
5 0.395313 0.648611 0.043750 0.019444
15 0.451562 0.637500 0.031250 0.025000
13 0.794531 0.683333 0.045312 0.100000
13 0.942187 0.750000 0.103125 0.294444