17 0.083594 0.679167 0.164062 0.625000
4 0.097656 0.405556 0.195312 0.261111
17 0.354687 0.443056 0.131250 0.186111
5 0.269531 0.450000 0.073438 0.116667
17 0.587500 0.376389 0.028125 0.113889
10 0.695312 0.358333 0.037500 0.111111
9 0.651563 0.337500 0.065625 0.075000
10 0.752344 0.327778 0.020313 0.072222
13 0.830469 0.347222 0.060937 0.161111
13 0.889062 0.336111 0.046875 0.183333
13 0.946875 0.330556 0.100000 0.188889
10 0.255469 0.416667 0.026562 0.050000
4 0.609375 0.327778 0.059375 0.055556
9 0.882812 0.715278 0.221875 0.547222