19 0.412500 0.683333 0.171875 0.438889
5 0.658594 0.731944 0.170313 0.325000
19 0.710938 0.334722 0.106250 0.208333
9 0.489844 0.379167 0.095312 0.202778
9 0.471094 0.234722 0.079687 0.158333
15 0.374219 0.177778 0.073438 0.133333
15 0.524219 0.115278 0.057813 0.097222
19 0.491406 0.041667 0.039062 0.083333
0 0.569531 0.031944 0.045312 0.063889
17 0.597656 0.112500 0.051562 0.086111
5 0.675000 0.251389 0.078125 0.119444
5 0.603125 0.188889 0.062500 0.100000
17 0.675781 0.172222 0.048438 0.077778
17 0.636719 0.130556 0.039062 0.088889
17 0.582031 0.354167 0.067187 0.169444
17 0.325781 0.383333 0.064062 0.177778
11 0.225781 0.290278 0.092188 0.241667
5 0.286719 0.198611 0.060937 0.108333
5 0.314063 0.129167 0.053125 0.080556
5 0.381250 0.109722 0.046875 0.052778
5 0.458594 0.134722 0.054688 0.091667
5 0.527344 0.191667 0.057813 0.105556
5 0.042969 0.220833 0.085938 0.108333
10 0.128906 0.037500 0.020313 0.063889
10 0.178906 0.033333 0.017188 0.061111
10 0.212500 0.022222 0.015625 0.038889
5 0.318750 0.081944 0.046875 0.063889
5 0.322656 0.051389 0.042188 0.052778
19 0.329688 0.033333 0.040625 0.066667
7 0.377344 0.051389 0.035937 0.086111
17 0.413281 0.059722 0.023438 0.069444
5 0.092969 0.944444 0.185938 0.105556
5 0.629687 0.955556 0.171875 0.077778
13 0.978125 0.412500 0.034375 0.191667
5 0.572656 0.098611 0.035937 0.069444
10 0.550781 0.081944 0.010937 0.075000
9 0.591406 0.059722 0.039062 0.036111
9 0.519531 0.026389 0.023438 0.047222
11 0.445312 0.070833 0.043750 0.119444
5 0.357031 0.048611 0.010937 0.058333