13 0.125781 0.651389 0.251563 0.675000
13 0.758594 0.645833 0.332813 0.697222
11 0.450000 0.359722 0.225000 0.408333
4 0.152344 0.325000 0.304688 0.544444
4 0.391406 0.209722 0.139063 0.202778
4 0.709375 0.181944 0.153125 0.136111
10 0.950000 0.362500 0.084375 0.241667
13 0.798438 0.315278 0.084375 0.186111
13 0.855469 0.287500 0.060937 0.158333
13 0.604688 0.356944 0.087500 0.258333
13 0.698438 0.386111 0.143750 0.333333
13 0.519531 0.240278 0.042188 0.041667
13 0.563281 0.234722 0.045312 0.052778
7 0.617969 0.206944 0.045312 0.058333
13 0.302344 0.262500 0.048438 0.113889
13 0.899219 0.233333 0.035937 0.038889
13 0.962500 0.258333 0.043750 0.077778
13 0.929688 0.256944 0.028125 0.063889
13 0.946875 0.838889 0.096875 0.305556