18 0.480469 0.675000 0.107813 0.294444
5 0.653906 0.776389 0.120313 0.252778
5 0.682031 0.591667 0.079687 0.133333
5 0.348438 0.736111 0.096875 0.211111
5 0.170313 0.647222 0.121875 0.127778
5 0.241406 0.509722 0.082812 0.091667
5 0.214844 0.465278 0.070312 0.075000
5 0.290625 0.433333 0.053125 0.066667
5 0.257812 0.388889 0.050000 0.055556
5 0.301563 0.383333 0.040625 0.050000
5 0.388281 0.568056 0.073438 0.119444
5 0.307812 0.320833 0.025000 0.036111
5 0.352344 0.345833 0.020313 0.041667
5 0.311719 0.347222 0.017188 0.033333
5 0.346094 0.294444 0.023438 0.033333
15 0.416406 0.420833 0.042188 0.080556
9 0.434375 0.466667 0.050000 0.116667
15 0.098437 0.570833 0.118750 0.119444
10 0.132031 0.468056 0.032813 0.075000
10 0.175781 0.431944 0.026562 0.075000
10 0.213281 0.395833 0.023438 0.052778
1 0.187500 0.356944 0.090625 0.108333
5 0.575781 0.343056 0.032813 0.052778
5 0.542188 0.441667 0.043750 0.083333
5 0.480469 0.394444 0.039062 0.066667
5 0.578125 0.298611 0.025000 0.036111
19 0.442969 0.295833 0.023438 0.047222
19 0.485938 0.345833 0.034375 0.063889
5 0.606250 0.494444 0.062500 0.105556
5 0.606250 0.411111 0.046875 0.066667
17 0.549219 0.912500 0.092188 0.158333
13 0.842969 0.484722 0.073438 0.119444
17 0.566406 0.579167 0.048438 0.130556
17 0.503906 0.506944 0.042188 0.097222
17 0.544531 0.491667 0.039062 0.094444
17 0.439063 0.379167 0.028125 0.052778
17 0.444531 0.320833 0.020313 0.041667
17 0.516406 0.343056 0.020313 0.052778
17 0.553906 0.377778 0.026562 0.061111
17 0.541406 0.337500 0.020313 0.052778
17 0.510156 0.322222 0.017188 0.044444
17 0.528125 0.311111 0.015625 0.038889
4 0.538281 0.261111 0.032813 0.077778
5 0.514062 0.247222 0.012500 0.022222
9 0.478125 0.291667 0.021875 0.044444
9 0.471875 0.279167 0.018750 0.041667
9 0.503906 0.277778 0.020313 0.033333
9 0.496094 0.269444 0.014063 0.033333
5 0.484375 0.258333 0.012500 0.022222
5 0.459375 0.268056 0.012500 0.025000
11 0.467969 0.243056 0.014063 0.030556
4 0.505469 0.200000 0.014063 0.022222
5 0.579688 0.273611 0.021875 0.030556
15 0.621094 0.356944 0.039062 0.063889
5 0.603125 0.322222 0.028125 0.038889
5 0.566406 0.258333 0.020313 0.022222
4 0.553125 0.216667 0.018750 0.027778
4 0.532031 0.204167 0.017188 0.041667
9 0.492969 0.219444 0.010937 0.016667
4 0.485156 0.194444 0.010937 0.016667
9 0.509375 0.219444 0.012500 0.011111
17 0.078906 0.497222 0.067187 0.066667
10 0.025781 0.525000 0.042188 0.083333
15 0.115625 0.413889 0.050000 0.061111
9 0.371094 0.266667 0.020313 0.027778
17 0.363281 0.301389 0.020313 0.036111
4 0.423438 0.226389 0.021875 0.036111
9 0.479687 0.218056 0.009375 0.013889
9 0.558594 0.238889 0.010937 0.016667
5 0.488281 0.440278 0.039062 0.080556
10 0.213281 0.801389 0.060937 0.152778
10 0.163281 0.883333 0.126562 0.172222
10 0.830469 0.834722 0.064062 0.213889
10 0.793750 0.675000 0.046875 0.161111