13 0.453906 0.604167 0.170313 0.308333
5 0.796875 0.548611 0.146875 0.130556
4 0.957812 0.494444 0.078125 0.255556
10 0.626563 0.530556 0.071875 0.111111
5 0.178906 0.481944 0.054688 0.063889
13 0.225000 0.487500 0.028125 0.086111
13 0.271875 0.479167 0.031250 0.086111
17 0.305469 0.466667 0.029687 0.055556
4 0.251563 0.436111 0.040625 0.094444
4 0.210156 0.433333 0.032813 0.072222
13 0.131250 0.477778 0.034375 0.083333
5 0.174219 0.436111 0.017188 0.016667
13 0.015625 0.493056 0.031250 0.086111
17 0.519531 0.487500 0.039062 0.080556
13 0.378125 0.476389 0.046875 0.136111
13 0.440625 0.490278 0.059375 0.147222
4 0.447656 0.441667 0.079687 0.066667
5 0.585938 0.504167 0.090625 0.075000
13 0.689063 0.522222 0.071875 0.111111
4 0.739062 0.462500 0.137500 0.091667
13 0.835938 0.493056 0.078125 0.075000
13 0.885938 0.495833 0.037500 0.080556