5 0.211719 0.854167 0.101562 0.169444
5 0.347656 0.868056 0.089063 0.175000
15 0.467969 0.865278 0.098437 0.191667
5 0.671094 0.920833 0.123438 0.141667
15 0.764062 0.875000 0.128125 0.183333
19 0.742188 0.759722 0.084375 0.175000
5 0.677344 0.726389 0.054688 0.102778
5 0.648438 0.684722 0.068750 0.108333
17 0.567187 0.698611 0.046875 0.113889
9 0.496094 0.698611 0.076563 0.119444
19 0.394531 0.693056 0.082812 0.180556
17 0.322656 0.704167 0.054688 0.125000
9 0.390625 0.597222 0.071875 0.111111
5 0.605469 0.836111 0.101562 0.161111
5 0.235937 0.770833 0.090625 0.147222
11 0.249219 0.650000 0.076563 0.166667
15 0.310156 0.598611 0.045312 0.080556
5 0.305469 0.551389 0.048438 0.036111
19 0.317969 0.501389 0.042188 0.075000
7 0.382031 0.506944 0.042188 0.075000
11 0.464062 0.547222 0.053125 0.133333
19 0.517969 0.522222 0.048438 0.083333
4 0.512500 0.416667 0.053125 0.105556
4 0.503125 0.345833 0.040625 0.069444
4 0.550781 0.395833 0.042188 0.091667
4 0.445312 0.340278 0.028125 0.047222
4 0.400000 0.326389 0.025000 0.041667
11 0.374219 0.395833 0.026562 0.041667
9 0.391406 0.450000 0.035937 0.044444
9 0.442969 0.433333 0.029687 0.050000
9 0.447656 0.386111 0.020313 0.038889
19 0.407813 0.423611 0.028125 0.047222
18 0.455469 0.484722 0.045312 0.058333
19 0.558594 0.612500 0.067187 0.125000
11 0.573438 0.652778 0.056250 0.088889
9 0.475000 0.661111 0.065625 0.144444
15 0.173437 0.500000 0.050000 0.066667
15 0.201563 0.454167 0.040625 0.041667
10 0.278906 0.376389 0.010937 0.041667
5 0.303906 0.387500 0.023438 0.030556
5 0.332813 0.354167 0.018750 0.019444
4 0.450000 0.286111 0.018750 0.027778
0 0.620313 0.522222 0.056250 0.077778
9 0.644531 0.555556 0.042188 0.050000
17 0.728906 0.645833 0.051562 0.036111
17 0.701562 0.623611 0.043750 0.069444
17 0.656250 0.604167 0.056250 0.063889
5 0.596875 0.759722 0.084375 0.119444
15 0.496875 0.790278 0.090625 0.163889