13 0.117969 0.754167 0.235937 0.480556
13 0.532031 0.738889 0.254688 0.516667
17 0.769531 0.573611 0.157812 0.302778
5 0.127344 0.548611 0.248438 0.169444
5 0.217969 0.523611 0.182812 0.147222
5 0.275781 0.501389 0.170313 0.125000
5 0.383594 0.468056 0.089063 0.080556
5 0.396094 0.456944 0.098437 0.080556
15 0.486719 0.434722 0.070312 0.091667
9 0.289844 0.468056 0.201563 0.141667
17 0.680469 0.456944 0.051562 0.119444
13 0.599219 0.425000 0.020313 0.055556
19 0.887500 0.434722 0.037500 0.080556