13 0.394531 0.722222 0.073438 0.211111
13 0.497656 0.659722 0.051562 0.086111
13 0.571094 0.654167 0.042188 0.113889
13 0.153125 0.711111 0.084375 0.094444
13 0.195312 0.687500 0.043750 0.080556
10 0.282813 0.673611 0.028125 0.075000
13 0.339844 0.655556 0.020313 0.066667
5 0.308594 0.647222 0.023438 0.038889
4 0.353906 0.620833 0.035937 0.063889
4 0.325781 0.616667 0.023438 0.038889
10 0.441406 0.641667 0.020313 0.083333
4 0.792188 0.602778 0.412500 0.311111
13 0.962500 0.708333 0.065625 0.272222