13 0.504687 0.869444 0.125000 0.194444
13 0.310156 0.872222 0.132812 0.177778
13 0.164844 0.900000 0.145313 0.177778
13 0.149219 0.811111 0.120313 0.155556
13 0.070312 0.768056 0.068750 0.158333
5 0.241406 0.736111 0.142187 0.144444
5 0.092969 0.701389 0.114062 0.113889
5 0.136719 0.659722 0.101562 0.102778
5 0.100000 0.565278 0.075000 0.075000
5 0.232031 0.427778 0.032813 0.038889
13 0.115625 0.463889 0.021875 0.055556
1 0.050781 0.459722 0.098437 0.108333
5 0.297656 0.540278 0.045312 0.075000
5 0.358594 0.545833 0.045312 0.080556
10 0.171875 0.406944 0.015625 0.036111
13 0.860156 0.675000 0.048438 0.105556
13 0.844531 0.606944 0.067187 0.102778
15 0.412500 0.537500 0.043750 0.091667
5 0.502344 0.562500 0.054688 0.091667
15 0.542969 0.530556 0.054688 0.083333
19 0.530469 0.480556 0.035937 0.072222
5 0.475000 0.518056 0.040625 0.069444
5 0.468750 0.481944 0.037500 0.047222
5 0.491406 0.452778 0.026562 0.050000
15 0.426563 0.500000 0.040625 0.061111
19 0.379688 0.459722 0.031250 0.075000
17 0.511719 0.427778 0.017188 0.033333
9 0.416406 0.443056 0.032813 0.063889
17 0.455469 0.461111 0.020313 0.050000
9 0.451562 0.423611 0.028125 0.063889
11 0.409375 0.395833 0.021875 0.058333
9 0.376563 0.412500 0.031250 0.036111
7 0.371094 0.383333 0.017188 0.033333
17 0.392188 0.395833 0.012500 0.025000
19 0.433594 0.384722 0.017188 0.036111
9 0.449219 0.376389 0.010937 0.019444
5 0.475781 0.416667 0.017188 0.038889
17 0.492969 0.418056 0.020313 0.030556
17 0.525000 0.434722 0.021875 0.019444
0 0.478125 0.383333 0.021875 0.033333
5 0.308594 0.500000 0.039062 0.061111
11 0.311719 0.443056 0.035937 0.075000
17 0.346094 0.470833 0.023438 0.052778
5 0.338281 0.422222 0.020313 0.033333
9 0.341406 0.380556 0.026562 0.033333