10 0.173437 0.761111 0.078125 0.266667
17 0.308594 0.743056 0.139063 0.258333
18 0.389844 0.677778 0.045312 0.177778
5 0.427344 0.701389 0.035937 0.075000
9 0.522656 0.698611 0.054688 0.102778
19 0.580469 0.695833 0.060937 0.086111
4 0.429688 0.651389 0.037500 0.091667
5 0.457031 0.684722 0.023438 0.041667
15 0.658594 0.698611 0.045312 0.058333
11 0.621094 0.679167 0.023438 0.036111
5 0.635938 0.690278 0.021875 0.041667
18 0.691406 0.658333 0.048438 0.061111
9 0.753906 0.679167 0.051562 0.036111
5 0.711719 0.681944 0.029687 0.013889
18 0.895312 0.654167 0.068750 0.091667
4 0.960156 0.623611 0.076563 0.608333