13 0.265625 0.662500 0.253125 0.630556
4 0.063281 0.501389 0.126562 0.958333
13 0.550781 0.800000 0.379688 0.383333
13 0.652344 0.473611 0.167187 0.402778
11 0.421094 0.398611 0.257812 0.375000
4 0.278125 0.266667 0.137500 0.227778
4 0.164062 0.308333 0.118750 0.272222
5 0.925781 0.387500 0.142187 0.158333
4 0.459375 0.245833 0.081250 0.113889
13 0.560156 0.372222 0.085938 0.238889
13 0.510156 0.284722 0.026562 0.091667
13 0.614844 0.269444 0.023438 0.050000
13 0.855469 0.676389 0.276562 0.619444