0 0.765625 0.558333 0.131250 0.166667
19 0.728906 0.795833 0.148438 0.313889
5 0.627344 0.920833 0.114062 0.141667
10 0.409375 0.787500 0.056250 0.163889
19 0.509375 0.793056 0.100000 0.302778
19 0.307812 0.877778 0.146875 0.233333
9 0.491406 0.359722 0.026562 0.052778
19 0.459375 0.456944 0.037500 0.086111
19 0.467187 0.327778 0.018750 0.038889
17 0.607031 0.740278 0.067187 0.175000
17 0.669531 0.595833 0.054688 0.108333
17 0.577344 0.580556 0.042188 0.116667
17 0.553906 0.463889 0.026562 0.072222
5 0.599219 0.506944 0.048438 0.086111
5 0.645312 0.472222 0.046875 0.072222
5 0.581250 0.395833 0.031250 0.052778
5 0.583594 0.441667 0.035937 0.061111
5 0.532031 0.408333 0.032813 0.044444
5 0.494531 0.416667 0.029687 0.050000
15 0.440625 0.431944 0.034375 0.063889
5 0.426563 0.520833 0.053125 0.091667
5 0.390625 0.652778 0.075000 0.144444
5 0.208594 0.658333 0.101562 0.122222
5 0.168750 0.612500 0.087500 0.108333
5 0.237500 0.515278 0.071875 0.075000
5 0.221875 0.488889 0.062500 0.072222
5 0.275781 0.426389 0.048438 0.052778
5 0.477344 0.390278 0.026562 0.047222
5 0.570312 0.347222 0.018750 0.027778
17 0.500000 0.440278 0.025000 0.047222
17 0.528906 0.438889 0.023438 0.050000
17 0.520312 0.356944 0.015625 0.041667
17 0.546094 0.365278 0.020313 0.041667
17 0.540625 0.348611 0.015625 0.036111
17 0.511719 0.329167 0.010937 0.030556
17 0.466406 0.344444 0.014063 0.033333
17 0.529687 0.336111 0.012500 0.033333
17 0.493750 0.331944 0.015625 0.013889
17 0.514844 0.347222 0.014063 0.033333
17 0.284375 0.450000 0.031250 0.061111
17 0.317188 0.420833 0.028125 0.052778
17 0.358594 0.418056 0.023438 0.052778
17 0.145313 0.512500 0.056250 0.069444
10 0.190625 0.906944 0.078125 0.175000
1 0.201563 0.415278 0.084375 0.108333
5 0.337500 0.456944 0.046875 0.058333
15 0.290625 0.525000 0.065625 0.077778
5 0.078906 0.881944 0.157812 0.219444
5 0.064844 0.631944 0.110937 0.119444
5 0.322656 0.381944 0.020313 0.025000
5 0.367188 0.365278 0.028125 0.036111
5 0.376563 0.387500 0.025000 0.036111
5 0.390625 0.347222 0.021875 0.027778
4 0.410156 0.306944 0.032813 0.047222
17 0.382031 0.330556 0.014063 0.027778
9 0.345313 0.354167 0.028125 0.041667
10 0.313281 0.345833 0.014063 0.030556
5 0.453906 0.279167 0.010937 0.019444
10 0.442188 0.284722 0.006250 0.008333
5 0.464844 0.270833 0.007812 0.008333
11 0.485938 0.294444 0.012500 0.022222
19 0.485938 0.318056 0.015625 0.030556
5 0.500781 0.311111 0.014063 0.022222
19 0.525781 0.295833 0.010937 0.019444
4 0.542969 0.304167 0.023438 0.058333
4 0.565625 0.279167 0.018750 0.047222
4 0.542969 0.256944 0.017188 0.030556
15 0.130469 0.470833 0.048438 0.069444
15 0.608594 0.368056 0.026562 0.047222
5 0.597656 0.351389 0.023438 0.036111
5 0.572656 0.330556 0.020313 0.027778
5 0.582031 0.318056 0.023438 0.019444
19 0.568750 0.301389 0.012500 0.025000
13 0.859375 0.547222 0.059375 0.111111
13 0.914844 0.552778 0.039062 0.105556
10 0.669531 0.509722 0.023438 0.063889
10 0.700781 0.518056 0.020313 0.086111
5 0.953906 0.672222 0.089063 0.111111
18 0.505469 0.515278 0.054688 0.119444
9 0.503125 0.280556 0.009375 0.011111
9 0.518750 0.279167 0.009375 0.013889
4 0.518750 0.259722 0.012500 0.019444
4 0.496875 0.254167 0.009375 0.019444
9 0.493750 0.276389 0.009375 0.013889
5 0.954688 0.675000 0.087500 0.116667