5 0.356250 0.278906 0.141667 0.073438
5 0.834375 0.415625 0.322917 0.293750
5 0.062500 0.266406 0.070833 0.039062
5 0.161458 0.258594 0.043750 0.032813
10 0.188542 0.261719 0.027083 0.045312
10 0.213542 0.267188 0.027083 0.050000
5 0.234375 0.263281 0.043750 0.035937
5 0.255208 0.257031 0.035417 0.026562
17 0.090625 0.259375 0.043750 0.040625
11 0.156250 0.239063 0.045833 0.025000
10 0.128125 0.252344 0.014583 0.026562
4 0.090625 0.233594 0.027083 0.010937
4 0.063542 0.235937 0.022917 0.009375
3 0.009375 0.262500 0.018750 0.040625