19 0.211719 0.833333 0.114062 0.300000
5 0.438281 0.827778 0.198437 0.183333
5 0.767188 0.723611 0.181250 0.130556
5 0.704688 0.931944 0.265625 0.113889
1 0.110156 0.426389 0.095312 0.108333
13 0.156250 0.676389 0.096875 0.130556
13 0.225000 0.644444 0.084375 0.122222
13 0.264844 0.623611 0.085938 0.108333
13 0.135156 0.568056 0.042188 0.102778
13 0.872656 0.609722 0.085938 0.113889
13 0.299219 0.776389 0.067187 0.141667
17 0.079687 0.570833 0.056250 0.113889
5 0.028906 0.480556 0.051562 0.050000
15 0.585156 0.519444 0.054688 0.083333
19 0.574219 0.468056 0.035937 0.075000
5 0.547656 0.551389 0.054688 0.080556
15 0.459375 0.519444 0.043750 0.083333
5 0.399219 0.523611 0.048438 0.080556
5 0.344531 0.512500 0.045312 0.080556
5 0.357031 0.473611 0.039062 0.058333
5 0.402344 0.472222 0.035937 0.050000
11 0.361719 0.422222 0.035937 0.066667
17 0.395313 0.450000 0.021875 0.055556
19 0.425781 0.440278 0.035937 0.075000
7 0.420312 0.359722 0.018750 0.030556
9 0.423438 0.398611 0.031250 0.047222
15 0.470313 0.486111 0.040625 0.072222
5 0.516406 0.501389 0.042188 0.069444
5 0.535156 0.438889 0.029687 0.050000
5 0.514062 0.465278 0.034375 0.047222
9 0.469531 0.444444 0.035937 0.055556
19 0.461719 0.426389 0.029687 0.063889
17 0.569531 0.423611 0.020313 0.019444
17 0.539062 0.401389 0.021875 0.025000
17 0.558594 0.412500 0.020313 0.036111
19 0.480469 0.368056 0.020313 0.036111
11 0.455469 0.373611 0.023438 0.052778
19 0.496875 0.408333 0.025000 0.055556
17 0.499219 0.443056 0.020313 0.047222
0 0.521094 0.365278 0.023438 0.036111
4 0.476562 0.318056 0.021875 0.041667
4 0.492969 0.306944 0.017188 0.036111
19 0.427344 0.354167 0.017188 0.036111
5 0.241406 0.380556 0.026562 0.038889
9 0.299219 0.352778 0.026562 0.033333
17 0.353906 0.329167 0.010937 0.025000
9 0.384375 0.295833 0.009375 0.019444
5 0.386719 0.404167 0.020313 0.036111
5 0.386719 0.383333 0.020313 0.016667
9 0.390625 0.358333 0.021875 0.027778
9 0.422656 0.336111 0.014063 0.022222
19 0.410156 0.323611 0.014063 0.019444
5 0.403125 0.343056 0.015625 0.019444
17 0.439063 0.379167 0.012500 0.030556
5 0.453125 0.318056 0.009375 0.008333
19 0.427344 0.323611 0.010937 0.019444
18 0.452344 0.345833 0.020313 0.013889
11 0.414844 0.309722 0.010937 0.019444