13 0.027344 0.798611 0.051562 0.125000
13 0.120313 0.766667 0.040625 0.105556
13 0.772656 0.726389 0.020313 0.052778
13 0.739844 0.722222 0.039062 0.061111
13 0.828125 0.718056 0.025000 0.052778
5 0.673438 0.800000 0.134375 0.138889
5 0.563281 0.773611 0.107813 0.097222
5 0.659375 0.755556 0.128125 0.083333
5 0.399219 0.752778 0.073438 0.072222
10 0.224219 0.729167 0.017188 0.052778
5 0.038281 0.744444 0.042188 0.050000
4 0.010937 0.704167 0.021875 0.036111
13 0.168750 0.718056 0.009375 0.041667
5 0.874219 0.743056 0.060937 0.075000
13 0.963281 0.750000 0.064062 0.116667