13 0.400781 0.688889 0.273438 0.616667
13 0.795312 0.720833 0.325000 0.547222
5 0.242188 0.386111 0.200000 0.188889
5 0.923438 0.487500 0.150000 0.325000
17 0.805469 0.309722 0.060937 0.152778
5 0.345313 0.293056 0.084375 0.052778
9 0.193750 0.263889 0.134375 0.077778
9 0.271094 0.243056 0.151562 0.058333
19 0.333594 0.238889 0.120313 0.066667
4 0.560156 0.173611 0.098437 0.086111
13 0.700000 0.304167 0.062500 0.152778
10 0.872656 0.336111 0.051562 0.144444
9 0.946094 0.275000 0.095312 0.094444
14 0.773438 0.320833 0.050000 0.158333