5 0.153906 0.925000 0.292187 0.138889
5 0.494531 0.926389 0.257812 0.136111
11 0.515625 0.820833 0.200000 0.186111
9 0.735156 0.694444 0.160938 0.200000
5 0.870313 0.731944 0.150000 0.180556
11 0.736719 0.904167 0.195312 0.175000
5 0.901563 0.591667 0.112500 0.111111
13 0.950781 0.831944 0.082812 0.247222
13 0.965625 0.922222 0.056250 0.133333
15 0.976562 0.515278 0.040625 0.097222
10 0.125781 0.762500 0.092188 0.119444
13 0.465625 0.568056 0.068750 0.130556
15 0.434375 0.443056 0.075000 0.086111
10 0.491406 0.540278 0.017188 0.052778
9 0.556250 0.450000 0.065625 0.061111
14 0.571875 0.512500 0.034375 0.041667
5 0.017969 0.576389 0.035937 0.102778
17 0.014844 0.505556 0.029687 0.061111