5 0.394531 0.736111 0.210938 0.144444
4 0.663281 0.631944 0.251563 0.263889
5 0.894531 0.698611 0.032813 0.108333
4 0.950781 0.670833 0.095312 0.386111
17 0.813281 0.663889 0.026562 0.061111
5 0.854688 0.656944 0.034375 0.041667
9 0.832812 0.650000 0.015625 0.038889
17 0.038281 0.781944 0.076563 0.213889
17 0.215625 0.701389 0.071875 0.108333
13 0.325000 0.681944 0.056250 0.080556
4 0.267969 0.651389 0.182812 0.091667
13 0.524219 0.659722 0.020313 0.052778
13 0.496094 0.662500 0.017188 0.047222
13 0.470313 0.659722 0.031250 0.052778