13 0.508594 0.787500 0.464062 0.408333
13 0.853125 0.625000 0.290625 0.711111
13 0.202344 0.591667 0.260937 0.694444
11 0.292969 0.273611 0.204687 0.336111
17 0.617969 0.230556 0.110937 0.183333
5 0.714063 0.236111 0.112500 0.144444
4 0.116406 0.194444 0.210938 0.300000
4 0.028906 0.408333 0.057813 0.722222
11 0.626563 0.143056 0.112500 0.086111
13 0.499219 0.381944 0.179688 0.452778
19 0.910156 0.204167 0.173437 0.163889
13 0.817187 0.208333 0.103125 0.122222
4 0.320312 0.120833 0.081250 0.069444