5 0.289062 0.611111 0.084375 0.177778
5 0.383594 0.637500 0.089063 0.197222
5 0.480469 0.754167 0.117188 0.263889
5 0.598437 0.709722 0.109375 0.225000
15 0.628125 0.526389 0.078125 0.158333
5 0.506250 0.445833 0.053125 0.091667
5 0.385156 0.458333 0.060937 0.100000
19 0.566406 0.352778 0.045312 0.088889
5 0.508594 0.380556 0.045312 0.066667
9 0.459375 0.345833 0.037500 0.086111
19 0.414062 0.368056 0.046875 0.097222
17 0.380469 0.347222 0.026562 0.066667
11 0.344531 0.320833 0.039062 0.091667
5 0.324219 0.438889 0.054688 0.094444
5 0.525000 0.312500 0.028125 0.047222
17 0.493750 0.338889 0.028125 0.066667
9 0.450781 0.309722 0.032813 0.063889
9 0.410938 0.280556 0.031250 0.050000
5 0.408594 0.312500 0.035937 0.047222
5 0.372656 0.281944 0.026562 0.041667
7 0.406250 0.237500 0.018750 0.030556
11 0.442188 0.258333 0.021875 0.061111
19 0.468750 0.245833 0.021875 0.041667
17 0.558594 0.297222 0.020313 0.022222
17 0.546875 0.287500 0.018750 0.036111
17 0.525781 0.280556 0.023438 0.033333
0 0.510156 0.247222 0.023438 0.038889
11 0.492188 0.304167 0.028125 0.047222
19 0.487500 0.281944 0.034375 0.058333
4 0.462500 0.195833 0.021875 0.041667
4 0.480469 0.188889 0.020313 0.044444
4 0.457031 0.162500 0.017188 0.030556
4 0.432031 0.162500 0.014063 0.019444
19 0.409375 0.211111 0.015625 0.022222
11 0.401562 0.188889 0.012500 0.016667
9 0.376563 0.240278 0.021875 0.036111
5 0.372656 0.259722 0.020313 0.019444
5 0.368750 0.301389 0.012500 0.041667
15 0.386719 0.220833 0.017188 0.019444
5 0.385937 0.229167 0.015625 0.025000
19 0.432812 0.202778 0.012500 0.022222
1 0.094531 0.311111 0.095312 0.111111
5 0.267969 0.280556 0.029687 0.038889
17 0.306250 0.247222 0.015625 0.033333
17 0.339844 0.206944 0.010937 0.019444
10 0.296875 0.212500 0.006250 0.019444
10 0.320312 0.226389 0.006250 0.025000
10 0.210156 0.306944 0.014063 0.047222
10 0.225000 0.291667 0.012500 0.044444
10 0.194531 0.347222 0.020313 0.066667
10 0.238281 0.345833 0.014063 0.063889
10 0.161719 0.343056 0.017188 0.063889
13 0.759375 0.456944 0.059375 0.108333
13 0.817969 0.470833 0.064062 0.119444
13 0.869531 0.473611 0.054688 0.102778
13 0.892188 0.509722 0.043750 0.108333
5 0.022656 0.365278 0.042188 0.058333
10 0.276562 0.248611 0.009375 0.030556
13 0.341406 0.181944 0.004687 0.019444