11 0.806250 0.713889 0.156250 0.188889
15 0.678125 0.708333 0.065625 0.083333
19 0.612500 0.695833 0.065625 0.097222
10 0.558594 0.708333 0.023438 0.094444
5 0.506250 0.704167 0.046875 0.069444
4 0.539062 0.668056 0.031250 0.063889
5 0.423438 0.690278 0.043750 0.047222
17 0.349219 0.680556 0.042188 0.055556
10 0.377344 0.684722 0.035937 0.058333
17 0.451562 0.681944 0.015625 0.036111
17 0.470313 0.680556 0.012500 0.027778
5 0.482812 0.684722 0.015625 0.036111
17 0.281250 0.675000 0.053125 0.083333
10 0.950781 0.861111 0.089063 0.261111
4 0.665625 0.665278 0.056250 0.052778
4 0.807031 0.648611 0.164062 0.113889
4 0.915625 0.672222 0.050000 0.088889
4 0.974219 0.668056 0.042188 0.097222
4 0.091406 0.495833 0.182812 0.986111