5 0.214062 0.830556 0.156250 0.316667
11 0.558594 0.765278 0.117188 0.280556
5 0.691406 0.738889 0.120313 0.244444
15 0.365625 0.623611 0.084375 0.208333
17 0.453125 0.709722 0.071875 0.230556
5 0.446094 0.537500 0.067187 0.141667
9 0.507031 0.445833 0.060937 0.141667
7 0.386719 0.406944 0.051562 0.141667
11 0.445312 0.368056 0.046875 0.141667
17 0.478906 0.338889 0.020313 0.066667
5 0.519531 0.352778 0.039062 0.061111
17 0.570312 0.365278 0.034375 0.080556
17 0.628125 0.462500 0.046875 0.108333
10 0.605469 0.394444 0.023438 0.072222
10 0.669531 0.566667 0.035937 0.116667
17 0.837500 0.563889 0.112500 0.133333
13 0.750000 0.472222 0.062500 0.116667
13 0.815625 0.477778 0.059375 0.083333
13 0.870313 0.486111 0.037500 0.072222
5 0.117969 0.495833 0.110937 0.125000
17 0.024219 0.512500 0.048438 0.141667
4 0.072656 0.327778 0.145313 0.188889
9 0.192188 0.375000 0.075000 0.100000
15 0.158594 0.341667 0.079687 0.094444
17 0.187500 0.291667 0.034375 0.055556
10 0.215625 0.251389 0.012500 0.052778
15 0.254688 0.290278 0.043750 0.052778
5 0.292969 0.231944 0.023438 0.030556
5 0.306250 0.208333 0.021875 0.027778
0 0.518750 0.247222 0.025000 0.050000
9 0.520312 0.301389 0.031250 0.047222
17 0.443750 0.258333 0.018750 0.044444
17 0.432031 0.308333 0.026562 0.050000
5 0.395313 0.320833 0.040625 0.041667
5 0.340625 0.343056 0.043750 0.069444
9 0.353906 0.279167 0.035937 0.069444
19 0.408594 0.247222 0.026562 0.055556
19 0.460938 0.291667 0.028125 0.033333
19 0.467187 0.247222 0.025000 0.055556
5 0.507031 0.268056 0.032813 0.041667
5 0.377344 0.218056 0.023438 0.030556
5 0.410156 0.211111 0.020313 0.027778
18 0.435937 0.227778 0.028125 0.055556
4 0.465625 0.177778 0.025000 0.050000
4 0.464062 0.143056 0.018750 0.030556
4 0.483594 0.165278 0.020313 0.041667
5 0.476562 0.209722 0.018750 0.019444
19 0.485156 0.188889 0.014063 0.022222
19 0.433594 0.181944 0.014063 0.025000
9 0.410156 0.190278 0.020313 0.030556
11 0.403906 0.161111 0.014063 0.016667
9 0.384375 0.201389 0.018750 0.025000
17 0.389844 0.197222 0.014063 0.027778
19 0.399219 0.177778 0.014063 0.022222
19 0.417187 0.176389 0.012500 0.019444
4 0.435937 0.138889 0.012500 0.022222
5 0.439844 0.175000 0.014063 0.016667
5 0.368750 0.163889 0.012500 0.016667
1 0.094531 0.238889 0.098437 0.077778
19 0.810937 0.934722 0.190625 0.113889