5 0.845833 0.487500 0.283333 0.103125
5 0.333333 0.475781 0.225000 0.098437
17 0.232292 0.439063 0.064583 0.056250
15 0.385417 0.439063 0.091667 0.040625
5 0.189583 0.435156 0.033333 0.042188
3 0.069792 0.431250 0.022917 0.046875
10 0.128125 0.435156 0.031250 0.051562
5 0.169792 0.422656 0.035417 0.020313
9 0.169792 0.410156 0.027083 0.007812
4 0.157292 0.402344 0.031250 0.010937
11 0.255208 0.413281 0.052083 0.035937
5 0.108333 0.417969 0.020833 0.020313
4 0.133333 0.402344 0.020833 0.007812
9 0.194792 0.410938 0.018750 0.006250
17 0.200000 0.411719 0.016667 0.004687
4 0.294792 0.408594 0.027083 0.010937