5 0.594792 0.487500 0.343750 0.121875
5 0.512500 0.439844 0.133333 0.048438
5 0.086458 0.442188 0.122917 0.059375
10 0.250000 0.436719 0.037500 0.057813
10 0.211458 0.428906 0.035417 0.054688
10 0.168750 0.419531 0.020833 0.032813
5 0.255208 0.429688 0.068750 0.043750
11 0.158333 0.405469 0.045833 0.035937
5 0.188542 0.414062 0.018750 0.018750
4 0.233333 0.400781 0.033333 0.014063
4 0.071875 0.394531 0.027083 0.014063
17 0.107292 0.413281 0.047917 0.026562
5 0.069792 0.407813 0.027083 0.009375
5 0.025000 0.410156 0.016667 0.017188
4 0.046875 0.395313 0.022917 0.009375
5 0.146875 0.425000 0.027083 0.034375