9 0.270313 0.876389 0.215625 0.230556
10 0.399219 0.906944 0.064062 0.169444
5 0.475781 0.731944 0.120313 0.163889
5 0.572656 0.833333 0.132812 0.200000
9 0.607031 0.677778 0.101562 0.161111
15 0.585938 0.606944 0.096875 0.113889
17 0.747656 0.787500 0.057813 0.169444
13 0.659375 0.884722 0.068750 0.225000
17 0.667969 0.568056 0.045312 0.102778
17 0.725781 0.540278 0.035937 0.069444
11 0.701562 0.516667 0.050000 0.072222
18 0.788281 0.500000 0.064062 0.144444
18 0.742188 0.634722 0.103125 0.130556
13 0.703125 0.706944 0.043750 0.136111
13 0.807031 0.659722 0.035937 0.147222
14 0.185156 0.750000 0.067187 0.111111
13 0.156250 0.654167 0.087500 0.108333
15 0.122656 0.536111 0.089063 0.083333
14 0.284375 0.587500 0.037500 0.047222
5 0.748437 0.484722 0.031250 0.069444
5 0.775781 0.565278 0.057813 0.058333
5 0.826562 0.436111 0.031250 0.038889
5 0.843750 0.416667 0.021875 0.033333
5 0.848437 0.520833 0.034375 0.063889
5 0.667969 0.425000 0.045312 0.038889
9 0.267188 0.518056 0.071875 0.063889