5 0.346094 0.908333 0.176563 0.161111
15 0.478125 0.829167 0.181250 0.191667
5 0.291406 0.723611 0.126562 0.130556
5 0.200000 0.754167 0.121875 0.141667
13 0.115625 0.784722 0.093750 0.175000
5 0.152344 0.580556 0.067187 0.088889
13 0.626563 0.761111 0.121875 0.133333
13 0.669531 0.708333 0.126562 0.161111
13 0.750000 0.698611 0.090625 0.113889
13 0.892188 0.712500 0.096875 0.141667
13 0.787500 0.662500 0.093750 0.130556
13 0.887500 0.613889 0.034375 0.083333
5 0.550781 0.565278 0.054688 0.097222
15 0.588281 0.538889 0.048438 0.088889
5 0.349219 0.530556 0.045312 0.077778
5 0.410156 0.534722 0.039062 0.086111
15 0.461719 0.529167 0.039062 0.086111
5 0.521094 0.518056 0.042188 0.069444
19 0.579688 0.475000 0.037500 0.066667
5 0.518750 0.473611 0.034375 0.036111
5 0.472656 0.500000 0.039062 0.066667
9 0.475000 0.461111 0.034375 0.055556
5 0.407813 0.488889 0.034375 0.050000
19 0.431250 0.454167 0.034375 0.075000
5 0.360938 0.490278 0.040625 0.058333
11 0.364844 0.437500 0.035937 0.069444
17 0.397656 0.466667 0.020313 0.050000
5 0.035156 0.495833 0.057813 0.047222
1 0.114844 0.441667 0.095312 0.105556
13 0.039062 0.705556 0.078125 0.155556
17 0.574219 0.434722 0.020313 0.019444
17 0.562500 0.430556 0.018750 0.033333
17 0.542188 0.419444 0.021875 0.027778
5 0.539062 0.451389 0.028125 0.047222
5 0.552344 0.472222 0.023438 0.044444
17 0.503906 0.459722 0.020313 0.047222
9 0.464844 0.441667 0.029687 0.061111
11 0.459375 0.394444 0.021875 0.050000
19 0.483594 0.383333 0.020313 0.033333
19 0.500781 0.420833 0.026562 0.052778
0 0.525781 0.381944 0.023438 0.036111
5 0.524219 0.419444 0.017188 0.033333
4 0.496875 0.323611 0.018750 0.036111
4 0.479687 0.331944 0.018750 0.036111
5 0.488281 0.362500 0.014063 0.008333
7 0.422656 0.380556 0.017188 0.033333
17 0.441406 0.398611 0.010937 0.036111
9 0.425781 0.412500 0.026562 0.041667
5 0.392188 0.419444 0.018750 0.033333
5 0.392188 0.393056 0.018750 0.013889
9 0.394531 0.380556 0.020313 0.038889
15 0.403906 0.359722 0.017188 0.025000
11 0.417969 0.329167 0.014063 0.025000
17 0.309375 0.390278 0.015625 0.030556
9 0.390625 0.318056 0.012500 0.013889
19 0.426563 0.352778 0.015625 0.022222
18 0.456250 0.369444 0.021875 0.022222
19 0.450000 0.343056 0.012500 0.019444
17 0.462500 0.351389 0.009375 0.008333
9 0.508594 0.372222 0.017188 0.038889