15 0.688542 0.478906 0.514583 0.210938
3 0.006250 0.387500 0.012500 0.037500
5 0.072917 0.388281 0.058333 0.035937
5 0.291667 0.400000 0.108333 0.053125
5 0.171875 0.390625 0.031250 0.043750
11 0.144792 0.371094 0.039583 0.035937
5 0.201042 0.386719 0.039583 0.032813
5 0.232292 0.380469 0.035417 0.020313
5 0.155208 0.384375 0.022917 0.028125
4 0.086458 0.360156 0.031250 0.010937
4 0.061458 0.361719 0.018750 0.007812
17 0.108333 0.375000 0.020833 0.018750
17 0.080208 0.375000 0.027083 0.015625
10 0.102083 0.378125 0.012500 0.025000
10 0.036458 0.378125 0.010417 0.021875
9 0.120833 0.371875 0.012500 0.015625
4 0.286458 0.363281 0.031250 0.017188
5 0.341667 0.388281 0.058333 0.039062