13 0.827344 0.808333 0.332813 0.361111
13 0.406250 0.595833 0.106250 0.319444
13 0.137500 0.641667 0.268750 0.444444
13 0.200000 0.594444 0.225000 0.333333
13 0.251563 0.536111 0.190625 0.250000
11 0.610156 0.576389 0.132812 0.308333
4 0.262500 0.393056 0.203125 0.213889
13 0.493750 0.456944 0.031250 0.113889
4 0.387500 0.369444 0.040625 0.083333
13 0.541406 0.487500 0.048438 0.158333
13 0.421094 0.429167 0.035937 0.047222
13 0.464062 0.438889 0.028125 0.077778
13 0.948438 0.502778 0.093750 0.122222
19 0.591406 0.409722 0.048438 0.052778