17 0.096875 0.503906 0.193750 0.114062
10 0.276042 0.467969 0.031250 0.039062
5 0.448958 0.466406 0.035417 0.020313
7 0.389583 0.458594 0.029167 0.026562
15 0.467708 0.462500 0.022917 0.018750
10 0.511458 0.462500 0.006250 0.012500
5 0.497917 0.457813 0.008333 0.006250
4 0.517708 0.456250 0.010417 0.012500
13 0.540625 0.460938 0.010417 0.012500
4 0.543750 0.457813 0.008333 0.009375
10 0.530208 0.458594 0.002083 0.004687
5 0.798958 0.475781 0.102083 0.026562
15 0.709375 0.468750 0.056250 0.025000
5 0.650000 0.467187 0.029167 0.012500
5 0.613542 0.463281 0.022917 0.014063
15 0.598958 0.462500 0.014583 0.009375
4 0.552083 0.456250 0.008333 0.006250
15 0.566667 0.458594 0.012500 0.004687
10 0.677083 0.466406 0.008333 0.010937
13 0.421875 0.460156 0.014583 0.017188
10 0.942708 0.481250 0.027083 0.037500