5 0.321875 0.839833 0.643750 0.303621
3 0.057813 0.784123 0.115625 0.086351
5 0.947656 0.792479 0.098437 0.320334
5 0.415625 0.644847 0.143750 0.080780
5 0.274219 0.621170 0.092188 0.055710
5 0.160938 0.607242 0.084375 0.061281
5 0.085938 0.594708 0.059375 0.047354
5 0.017969 0.587744 0.035937 0.050139
5 0.850000 0.690808 0.106250 0.139276
5 0.489063 0.622563 0.084375 0.047354
5 0.724219 0.628134 0.054688 0.047354
11 0.621094 0.596100 0.098437 0.105850
15 0.592969 0.630919 0.101562 0.080780
5 0.744531 0.603064 0.045312 0.030641
15 0.809375 0.615599 0.056250 0.055710