10 0.028125 0.655989 0.021875 0.075209
5 0.092188 0.630919 0.040625 0.086351
5 0.107813 0.604457 0.040625 0.072423
11 0.169531 0.622563 0.064062 0.125348
5 0.283594 0.618384 0.064062 0.083565
5 0.314844 0.604457 0.029687 0.055710
10 0.342187 0.628134 0.031250 0.052925
10 0.372656 0.619777 0.026562 0.047354
15 0.832031 0.597493 0.060937 0.097493
10 0.792969 0.593315 0.010937 0.038997
15 0.894531 0.566852 0.051562 0.075209
3 0.902344 0.626741 0.020313 0.061281
19 0.959375 0.621170 0.075000 0.206128