5 0.426563 0.605850 0.093750 0.136490
3 0.320312 0.611421 0.021875 0.097493
10 0.082812 0.586351 0.062500 0.097493
4 0.294531 0.487465 0.107813 0.139276
4 0.364063 0.504178 0.031250 0.094708
4 0.387500 0.504178 0.018750 0.066852
9 0.438281 0.527855 0.023438 0.030641
5 0.461719 0.532033 0.017188 0.016713
5 0.793750 0.661560 0.196875 0.147632
5 0.889844 0.650418 0.089063 0.080780
15 0.663281 0.586351 0.092188 0.097493
15 0.761719 0.575209 0.098437 0.052925
5 0.604688 0.575209 0.040625 0.052925
5 0.568750 0.565460 0.034375 0.038997
5 0.542188 0.548747 0.021875 0.033426