16 0.069531 0.568245 0.139063 0.094708
17 0.193750 0.571031 0.081250 0.100279
17 0.267969 0.569638 0.064062 0.086351
3 0.309375 0.636490 0.031250 0.086351
16 0.332813 0.561281 0.037500 0.058496
5 0.481250 0.566852 0.031250 0.047354
17 0.417969 0.552925 0.026562 0.036212
5 0.835938 0.636490 0.153125 0.119777
5 0.738281 0.598886 0.070312 0.072423
5 0.660156 0.582173 0.045312 0.050139
5 0.628906 0.571031 0.023438 0.038997
19 0.532031 0.566852 0.035937 0.058496
4 0.940625 0.495822 0.115625 0.100279
9 0.893750 0.612813 0.137500 0.150418