17 0.027344 0.572423 0.054688 0.192201
17 0.222656 0.506964 0.073438 0.089136
17 0.314063 0.490251 0.028125 0.061281
5 0.364844 0.498607 0.048438 0.061281
5 0.524219 0.548747 0.082812 0.105850
9 0.464062 0.487465 0.021875 0.044568
4 0.407031 0.456825 0.017188 0.033426
9 0.878906 0.582173 0.176563 0.155989
5 0.964063 0.596100 0.065625 0.105850
5 0.735938 0.551532 0.106250 0.089136
5 0.778906 0.537604 0.035937 0.050139
5 0.652344 0.520891 0.057813 0.050139
5 0.607031 0.509749 0.035937 0.033426
19 0.580469 0.490251 0.045312 0.038997
5 0.704688 0.506964 0.043750 0.016713