5 0.275781 0.548747 0.101562 0.122563
5 0.038281 0.523677 0.067187 0.089136
5 0.127344 0.483287 0.023438 0.030641
5 0.889844 0.616992 0.214062 0.147632
5 0.646875 0.564067 0.175000 0.108635
17 0.778906 0.557103 0.082812 0.094708
9 0.653906 0.526462 0.142187 0.089136
5 0.714063 0.529248 0.056250 0.061281
15 0.467969 0.509749 0.107813 0.077994
5 0.525000 0.520891 0.062500 0.066852
5 0.557813 0.509749 0.040625 0.038997
15 0.378906 0.495822 0.064062 0.050139
9 0.335938 0.490251 0.031250 0.044568
5 0.284375 0.481894 0.025000 0.022284
5 0.308594 0.487465 0.023438 0.027855