11 0.110937 0.565460 0.190625 0.256267
3 0.227344 0.766017 0.070312 0.183844
5 0.274219 0.616992 0.076563 0.097493
5 0.392969 0.629526 0.067187 0.094708
5 0.702344 0.636490 0.117188 0.086351
5 0.560937 0.604457 0.043750 0.038997
5 0.514844 0.594708 0.017188 0.030641
11 0.548438 0.564067 0.031250 0.025070
4 0.584375 0.557103 0.065625 0.038997
5 0.830469 0.619777 0.067187 0.080780
9 0.760156 0.612813 0.123438 0.105850
9 0.619531 0.600279 0.073438 0.064067
19 0.475000 0.610028 0.065625 0.100279
15 0.429688 0.598886 0.028125 0.050139